"","Date","type","Holding_Period_Return"
"1",2014-11-13,"Composite",0.0527839896520377
"2",2014-11-13,"Fund",0.00909409918570314
"3",2014-11-13,"Benchmark",0
"4",2014-11-14,"Composite",0.055527714435303
"5",2014-11-14,"Fund",0.00800345142437853
"6",2014-11-14,"Benchmark",-0.00233896185115712
"7",2014-11-17,"Composite",0.0553767321398735
"8",2014-11-17,"Fund",0.0047309225577139
"9",2014-11-17,"Benchmark",-0.00439024390243914
"10",2014-11-18,"Composite",0.0566308603911883
"11",2014-11-18,"Fund",0.00254904145237389
"12",2014-11-18,"Benchmark",-0.00672920575359603
"13",2014-11-19,"Composite",0.0554125612901599
"14",2014-11-19,"Fund",0.000367013951361184
"15",2014-11-19,"Benchmark",-0.00935584740462791
"16",2014-11-20,"Composite",0.0577081848601071
"17",2014-11-20,"Fund",-0.000723780205636126
"18",2014-11-20,"Benchmark",-0.0104315196998126
"19",2014-11-21,"Composite",0.057712248921209
"20",2014-11-21,"Fund",0.00254904145237389
"21",2014-11-21,"Benchmark",-0.00736710444027522
"22",2014-11-24,"Composite",0.0576386243549101
"23",2014-11-24,"Fund",0.0036399820050439
"24",2014-11-24,"Benchmark",-0.00694183864915587
"25",2014-11-25,"Composite",0.0601783374563036
"26",2014-11-25,"Fund",0.0036399820050439
"27",2014-11-25,"Benchmark",-0.00621638524077561
"28",2014-11-26,"Composite",0.0612006437574133
"29",2014-11-26,"Fund",0.0047309225577139
"30",2014-11-26,"Benchmark",-0.00597873671044402
"31",2014-11-28,"Composite",0.0664382582889549
"32",2014-11-28,"Fund",0.00692202659043151
"33",2014-11-28,"Benchmark",-0.0084552845528455
"34",2014-12-01,"Composite",0.0684183075993909
"35",2014-12-01,"Fund",0.00144419331080092
"36",2014-12-01,"Benchmark",-0.0154846779237023
"37",2014-12-02,"Composite",0.0647597269521956
"38",2014-12-02,"Fund",-0.000747642700279938
"39",2014-12-02,"Benchmark",-0.0179111944965604
"40",2014-12-03,"Composite",0.0648056579819536
"41",2014-12-03,"Fund",-0.000747642700279938
"42",2014-12-03,"Benchmark",-0.0178986866791746
"43",2014-12-04,"Composite",0.0668846243293217
"44",2014-12-04,"Fund",-0.0018431215188025
"45",2014-12-04,"Benchmark",-0.017948717948718
"46",2014-12-05,"Composite",0.0630269206670881
"47",2014-12-05,"Fund",-0.00295221513488242
"48",2014-12-05,"Benchmark",-0.0192245153220764
"49",2014-12-08,"Composite",0.0688526382673886
"50",2014-12-08,"Fund",-0.00738844320352972
"51",2014-12-08,"Benchmark",-0.0222764227642278
"52",2014-12-09,"Composite",0.0757844144701019
"53",2014-12-09,"Fund",-0.0140425657129917
"54",2014-12-09,"Benchmark",-0.0283552220137586
"55",2014-12-10,"Composite",0.0830408353249839
"56",2014-12-10,"Fund",-0.0184790865729841
"57",2014-12-10,"Benchmark",-0.0324077548467795
"58",2014-12-11,"Composite",0.0841072071661606
"59",2014-12-11,"Fund",-0.0218066602125695
"60",2014-12-11,"Benchmark",-0.0349843652282676
"61",2014-12-12,"Composite",0.0953758585845106
"62",2014-12-12,"Fund",-0.0284607827220315
"63",2014-12-12,"Benchmark",-0.0410631644777988
"64",2014-12-15,"Composite",0.0988793803042702
"65",2014-12-15,"Fund",-0.0340059580110861
"66",2014-12-15,"Benchmark",-0.0462163852407756
"67",2014-12-16,"Composite",0.10373045101098
"68",2014-12-16,"Fund",-0.0406603733118932
"69",2014-12-16,"Benchmark",-0.0521701063164478
"70",2014-12-17,"Composite",0.0961559858092482
"71",2014-12-17,"Fund",-0.0340059580110861
"72",2014-12-17,"Benchmark",-0.0462414008755473
"73",2014-12-18,"Composite",0.0841483172040829
"74",2014-12-18,"Fund",-0.0206977129921622
"75",2014-12-18,"Benchmark",-0.0349218261413383
"76",2014-12-19,"Composite",0.0830441046096666
"77",2014-12-19,"Fund",-0.0162608993408243
"78",2014-12-19,"Benchmark",-0.032070043777361
"79",2014-12-22,"Composite",0.0820932195829815
"80",2014-12-22,"Fund",-0.0151518057247443
"81",2014-12-22,"Benchmark",-0.0300312695434647
"82",2014-12-23,"Composite",0.0752929264840692
"83",2014-12-23,"Fund",-0.0129340576796022
"84",2014-12-23,"Benchmark",-0.0288805503439651
"85",2014-12-24,"Composite",0.0750046875302735
"86",2014-12-24,"Fund",-0.0129340576796022
"87",2014-12-24,"Benchmark",-0.028692933083177
"88",2014-12-29,"Composite",0.0789596463077662
"89",2014-12-29,"Fund",-0.0129340576796022
"90",2014-12-29,"Benchmark",-0.0283427141963729
"91",2014-12-30,"Composite",0.0819242092907959
"92",2014-12-30,"Fund",-0.0129340576796022
"93",2014-12-30,"Benchmark",-0.0284552845528457
"94",2014-12-31,"Composite",0.0834281430138726
"95",2014-12-31,"Fund",-0.00825378802462917
"96",2014-12-31,"Benchmark",-0.0284552845528457
"97",2015-01-02,"Composite",0.0891798611532582
"98",2015-01-02,"Fund",-0.00825378802462917
"99",2015-01-02,"Benchmark",-0.0286178861788619
"100",2015-01-05,"Composite",0.0999898163324082
"101",2015-01-05,"Fund",-0.0115965868141711
"102",2015-01-05,"Benchmark",-0.0317698561601003
"103",2015-01-06,"Composite",0.110274733606674
"104",2015-01-06,"Fund",-0.0160541886510268
"105",2015-01-06,"Benchmark",-0.0352970606629145
"106",2015-01-07,"Composite",0.110961083546988
"107",2015-01-07,"Fund",-0.0127109506744668
"108",2015-01-07,"Benchmark",-0.0326454033771107
"109",2015-01-08,"Composite",0.102552293624383
"110",2015-01-08,"Fund",-0.0104820765582027
"111",2015-01-08,"Benchmark",-0.0289055659787368
"112",2015-01-09,"Composite",0.106191581826142
"113",2015-01-09,"Fund",-0.00936800548925221
"114",2015-01-09,"Benchmark",-0.0278674171357097
"115",2015-01-12,"Composite",0.111763590816206
"116",2015-01-12,"Fund",-0.00936800548925221
"117",2015-01-12,"Benchmark",-0.0288055034396499
"118",2015-01-13,"Composite",0.113657753383479
"119",2015-01-13,"Fund",-0.00936800548925221
"120",2015-01-13,"Benchmark",-0.0288055034396499
"121",2015-01-14,"Composite",0.120955970204402
"122",2015-01-14,"Fund",-0.0127109506744668
"123",2015-01-14,"Benchmark",-0.0316072545340839
"124",2015-01-15,"Composite",0.125805851027114
"125",2015-01-15,"Fund",-0.0115965868141711
"126",2015-01-15,"Benchmark",-0.030844277673546
"127",2015-01-16,"Composite",0.122334167155894
"128",2015-01-16,"Fund",-0.0127109506744668
"129",2015-01-16,"Benchmark",-0.0318699186991871
"130",2015-01-20,"Composite",0.121496318012348
"131",2015-01-20,"Fund",-0.0127109506744668
"132",2015-01-20,"Benchmark",-0.031782363977486
"133",2015-01-21,"Composite",0.11705970276237
"134",2015-01-21,"Fund",-0.0127109506744668
"135",2015-01-21,"Benchmark",-0.0319199499687306
"136",2015-01-22,"Composite",0.11373341018151
"137",2015-01-22,"Fund",-0.0104820765582027
"138",2015-01-22,"Benchmark",-0.030381488430269
"139",2015-01-23,"Composite",0.118328895253953
"140",2015-01-23,"Fund",-0.00936800548925221
"141",2015-01-23,"Benchmark",-0.0292057535959976
"142",2015-01-26,"Composite",0.116195657577136
"143",2015-01-26,"Fund",-0.00936800548925221
"144",2015-01-26,"Benchmark",-0.0287304565353346
"145",2015-01-27,"Composite",0.115945386207902
"146",2015-01-27,"Fund",-0.0104820765582027
"147",2015-01-27,"Benchmark",-0.0289055659787368
"148",2015-01-28,"Composite",0.123172418726864
"149",2015-01-28,"Fund",-0.00825378802462917
"150",2015-01-28,"Benchmark",-0.0270293933708569
"151",2015-01-29,"Composite",0.12204998161043
"152",2015-01-29,"Fund",-0.00936800548925221
"153",2015-01-29,"Benchmark",-0.027116948092558
"154",2015-01-30,"Composite",0.129363449132557
"155",2015-01-30,"Fund",-0.00466533729636187
"156",2015-01-30,"Benchmark",-0.0271294559099438
"157",2015-02-02,"Composite",0.128513645680353
"158",2015-02-02,"Fund",-0.005785117796546
"159",2015-02-02,"Benchmark",-0.0271669793621013
"160",2015-02-03,"Composite",0.115073070851241
"161",2015-02-03,"Fund",-0.00242650827435664
"162",2015-02-03,"Benchmark",-0.0244277673545966
"163",2015-02-04,"Composite",0.113385409460428
"164",2015-02-04,"Fund",-0.00130672777417251
"165",2015-02-04,"Benchmark",-0.0233395872420263
"166",2015-02-05,"Composite",0.109897198841406
"167",2015-02-05,"Fund",0.000932247643505413
"168",2015-02-05,"Benchmark",-0.021400875547217
"169",2015-02-06,"Composite",0.0974639005506766
"170",2015-02-06,"Fund",0.0031718086438739
"171",2015-02-06,"Benchmark",-0.0188993120700438
"172",2015-02-09,"Composite",0.0971973220681408
"173",2015-02-09,"Fund",0.00205202814368977
"174",2015-02-09,"Benchmark",-0.0193370856785492
"175",2015-02-10,"Composite",0.093866615272415
"176",2015-02-10,"Fund",0.0031718086438739
"177",2015-02-10,"Benchmark",-0.0191369606003753
"178",2015-02-11,"Composite",0.0945478457240605
"179",2015-02-11,"Fund",0.00205202814368977
"180",2015-02-11,"Benchmark",-0.0192995622263917
"181",2015-02-12,"Composite",0.0929487865770648
"182",2015-02-12,"Fund",0.0031718086438739
"183",2015-02-12,"Benchmark",-0.018424015009381
"184",2015-02-13,"Composite",0.0879477683662944
"185",2015-02-13,"Fund",0.00429129635271264
"186",2015-02-13,"Benchmark",-0.017773608505316
"187",2015-02-17,"Composite",0.0786125062162668
"188",2015-02-17,"Fund",0.00541093045722429
"189",2015-02-17,"Benchmark",-0.0172232645403377
"190",2015-02-18,"Composite",0.0833968713064024
"191",2015-02-18,"Fund",0.00653071095740865
"192",2015-02-18,"Benchmark",-0.0160600375234522
"193",2015-02-19,"Composite",0.0802583887706694
"194",2015-02-19,"Fund",0.00653071095740865
"195",2015-02-19,"Benchmark",-0.0160850531582239
"196",2015-02-20,"Composite",0.0782815972281066
"197",2015-02-20,"Fund",0.00653071095740865
"198",2015-02-20,"Benchmark",-0.015322076297686
"199",2015-02-23,"Composite",0.0839042501093854
"200",2015-02-23,"Fund",0.00765005227057491
"201",2015-02-23,"Benchmark",-0.0147217010631645
"202",2015-02-24,"Composite",0.0884867556599815
"203",2015-02-24,"Fund",0.00988888129258014
"204",2015-02-24,"Benchmark",-0.0130706691682302
"205",2015-02-25,"Composite",0.088304395632729
"206",2015-02-25,"Fund",0.0110089545841097
"207",2015-02-25,"Benchmark",-0.0116948092557849
"208",2015-02-26,"Composite",0.0843472369292211
"209",2015-02-26,"Fund",0.0132479300017874
"210",2015-02-26,"Benchmark",-0.00983114446529088
"211",2015-02-27,"Composite",0.08491873888234
"212",2015-02-27,"Fund",0.0185319354108149
"213",2015-02-27,"Benchmark",-0.00938086303939978
"214",2015-03-02,"Composite",0.0787599303249233
"215",2015-03-02,"Fund",0.0185319354108149
"216",2015-03-02,"Benchmark",-0.00943089430894317
"217",2015-03-03,"Composite",0.0767087632213888
"218",2015-03-03,"Fund",0.0174076166447781
"219",2015-03-03,"Benchmark",-0.0106566604127581
"220",2015-03-04,"Composite",0.078865666115151
"221",2015-03-04,"Fund",0.0151591255083772
"222",2015-03-04,"Benchmark",-0.0124577861163226
"223",2015-03-05,"Composite",0.0796944339955545
"224",2015-03-05,"Fund",0.0151591255083772
"225",2015-03-05,"Benchmark",-0.0124452782989369
"226",2015-03-06,"Composite",0.0721949118619944
"227",2015-03-06,"Fund",0.0129106343719765
"228",2015-03-06,"Benchmark",-0.0150719199499687
"229",2015-03-09,"Composite",0.0767575287133808
"230",2015-03-09,"Fund",0.0117866083972851
"231",2015-03-09,"Benchmark",-0.0166228893058162
"232",2015-03-10,"Composite",0.086570225914304
"233",2015-03-10,"Fund",0.00729006531150134
"234",2015-03-10,"Benchmark",-0.0202501563477174
"235",2015-03-11,"Composite",0.0897428720167592
"236",2015-03-11,"Fund",0.00841394489052028
"237",2015-03-11,"Benchmark",-0.0192870544090057
"238",2015-03-12,"Composite",0.0907220098081729
"239",2015-03-12,"Fund",0.00953826365655686
"240",2015-03-12,"Benchmark",-0.0187742338961853
"241",2015-03-13,"Composite",0.0931275229355983
"242",2015-03-13,"Fund",0.00616545375411937
"243",2015-03-13,"Benchmark",-0.0217761100687931
"244",2015-03-16,"Composite",0.0937362492684832
"245",2015-03-16,"Fund",0.00504128138375526
"246",2015-03-16,"Benchmark",-0.0234771732332708
"247",2015-03-17,"Composite",0.0979209517976067
"248",2015-03-17,"Fund",0.00279293664302704
"249",2015-03-17,"Benchmark",-0.0258536585365856
"250",2015-03-18,"Composite",0.106498245850782
"251",2015-03-18,"Fund",0.00279293664302704
"252",2015-03-18,"Benchmark",-0.0261913696060039
"253",2015-03-19,"Composite",0.102609247027703
"254",2015-03-19,"Fund",0.00504128138375526
"255",2015-03-19,"Benchmark",-0.0235146966854284
"256",2015-03-20,"Composite",0.101826866633356
"257",2015-03-20,"Fund",0.00616545375411937
"258",2015-03-20,"Benchmark",-0.0226516572858038
"259",2015-03-23,"Composite",0.101448757196881
"260",2015-03-23,"Fund",0.00729006531150134
"261",2015-03-23,"Benchmark",-0.0223139462163853
"262",2015-03-24,"Composite",0.10482306246951
"263",2015-03-24,"Fund",0.00729006531150134
"264",2015-03-24,"Benchmark",-0.021400875547217
"265",2015-03-25,"Composite",0.100793079895176
"266",2015-03-25,"Fund",0.00841394489052028
"267",2015-03-25,"Benchmark",-0.0207004377736085
"268",2015-03-26,"Composite",0.0964960558296653
"269",2015-03-26,"Fund",0.00729006531150134
"270",2015-03-26,"Benchmark",-0.0217385866166354
"271",2015-03-27,"Composite",0.101718327535199
"272",2015-03-27,"Fund",0.00729006531150134
"273",2015-03-27,"Benchmark",-0.0211882426516573
"274",2015-03-30,"Composite",0.100490063342926
"275",2015-03-30,"Fund",0.00841394489052028
"276",2015-03-30,"Benchmark",-0.020462789243277
"277",2015-03-31,"Composite",0.104615441901034
"278",2015-03-31,"Fund",0.0141737362356957
"279",2015-03-31,"Benchmark",-0.0201375859912445
"280",2015-04-01,"Composite",0.10882352743857
"281",2015-04-01,"Fund",0.0141737362356957
"282",2015-04-01,"Benchmark",-0.0201125703564728
"283",2015-04-02,"Composite",0.103786636127462
"284",2015-04-02,"Fund",0.0153031788502758
"285",2015-04-02,"Benchmark",-0.019737335834897
"286",2015-04-07,"Composite",0.100821805631228
"287",2015-04-07,"Fund",0.0198206565172498
"288",2015-04-07,"Benchmark",-0.0159599749843652
"289",2015-04-08,"Composite",0.099920499902084
"290",2015-04-08,"Fund",0.020949952736157
"291",2015-04-08,"Benchmark",-0.0142589118198875
"292",2015-04-09,"Composite",0.0945341407690561
"293",2015-04-09,"Fund",0.020949952736157
"294",2015-04-09,"Benchmark",-0.0143839899937462
"295",2015-04-10,"Composite",0.0934495069354138
"296",2015-04-10,"Fund",0.0220793953507368
"297",2015-04-10,"Benchmark",-0.0136960600375235
"298",2015-04-13,"Composite",0.0950488987328091
"299",2015-04-13,"Fund",0.0220793953507368
"300",2015-04-13,"Benchmark",-0.0131081926203879
"301",2015-04-14,"Composite",0.0969265830878991
"302",2015-04-14,"Fund",0.020949952736157
"303",2015-04-14,"Benchmark",-0.0133958724202627
"304",2015-04-15,"Composite",0.0969407732013483
"305",2015-04-15,"Fund",0.0232088379653168
"306",2015-04-15,"Benchmark",-0.0117823639774861
"307",2015-04-16,"Composite",0.097535631133463
"308",2015-04-16,"Fund",0.0232088379653168
"309",2015-04-16,"Benchmark",-0.0115822388993122
"310",2015-04-17,"Composite",0.100553466987275
"311",2015-04-17,"Fund",0.0220793953507368
"312",2015-04-17,"Benchmark",-0.0126704190118825
"313",2015-04-20,"Composite",0.0959768372117382
"314",2015-04-20,"Fund",0.0220793953507368
"315",2015-04-20,"Benchmark",-0.012157598499062
"316",2015-04-21,"Composite",0.0945809461988594
"317",2015-04-21,"Fund",0.0220793953507368
"318",2015-04-21,"Benchmark",-0.0117448405253284
"319",2015-04-22,"Composite",0.0890291154040972
"320",2015-04-22,"Fund",0.0232088379653168
"321",2015-04-22,"Benchmark",-0.012157598499062
"322",2015-04-23,"Composite",0.0900681833703196
"323",2015-04-23,"Fund",0.0220793953507368
"324",2015-04-23,"Benchmark",-0.0122326454033771
"325",2015-04-24,"Composite",0.0902502997801393
"326",2015-04-24,"Fund",0.0232088379653168
"327",2015-04-24,"Benchmark",-0.0115322076297686
"328",2015-04-27,"Composite",0.0884322928828569
"329",2015-04-27,"Fund",0.0232088379653168
"330",2015-04-27,"Benchmark",-0.0115447154471545
"331",2015-04-28,"Composite",0.084753547098805
"332",2015-04-28,"Fund",0.0232088379653168
"333",2015-04-28,"Benchmark",-0.0121200750469046
"334",2015-04-29,"Composite",0.0798826164537054
"335",2015-04-29,"Fund",0.020949952736157
"336",2015-04-29,"Benchmark",-0.0136585365853659
"337",2015-04-30,"Composite",0.0788390955306579
"338",2015-04-30,"Fund",0.0254871938189405
"339",2015-04-30,"Benchmark",-0.0137836147592246
"340",2015-05-05,"Composite",0.0691175103607637
"341",2015-05-05,"Fund",0.0254871938189405
"342",2015-05-05,"Benchmark",-0.0136710444027519
"343",2015-05-06,"Composite",0.0640572815801459
"344",2015-05-06,"Fund",0.0232187928710577
"345",2015-05-06,"Benchmark",-0.0155722326454035
"346",2015-05-07,"Composite",0.0699917044105651
"347",2015-05-07,"Fund",0.02208451919928
"348",2015-05-07,"Benchmark",-0.0164477798624141
"349",2015-05-08,"Composite",0.0681957988211752
"350",2015-05-08,"Fund",0.0254871938189405
"351",2015-05-08,"Benchmark",-0.0142839274546591
"352",2015-05-11,"Composite",0.0584877171113345
"353",2015-05-11,"Fund",0.0254871938189405
"354",2015-05-11,"Benchmark",-0.0147592245153222
"355",2015-05-12,"Composite",0.0612152648590576
"356",2015-05-12,"Fund",0.02208451919928
"357",2015-05-12,"Benchmark",-0.0180612883051908
"358",2015-05-13,"Composite",0.0573311516985522
"359",2015-05-13,"Fund",0.0232187928710577
"360",2015-05-13,"Benchmark",-0.016547842401501
"361",2015-05-14,"Composite",0.0594543738249611
"362",2015-05-14,"Fund",0.0243530665428353
"363",2015-05-14,"Benchmark",-0.016260162601626
"364",2015-05-15,"Composite",0.0652552524764616
"365",2015-05-15,"Fund",0.0254871938189405
"366",2015-05-15,"Benchmark",-0.0151969981238275
"367",2015-05-18,"Composite",0.0598031856795243
"368",2015-05-18,"Fund",0.0254871938189405
"369",2015-05-18,"Benchmark",-0.0159724828017511
"370",2015-05-19,"Composite",0.0594175961290844
"371",2015-05-19,"Fund",0.0243530665428353
"372",2015-05-19,"Benchmark",-0.0167354596622891
"373",2015-05-20,"Composite",0.0605374837170836
"374",2015-05-20,"Fund",0.0243530665428353
"375",2015-05-20,"Benchmark",-0.0174984365228269
"376",2015-05-21,"Composite",0.0632586824096211
"377",2015-05-21,"Fund",0.0254871938189405
"378",2015-05-21,"Benchmark",-0.0164978111319576
"379",2015-05-22,"Composite",0.0608744087038091
"380",2015-05-22,"Fund",0.0254871938189405
"381",2015-05-22,"Benchmark",-0.0165978736710444
"382",2015-05-26,"Composite",0.0703282550121982
"383",2015-05-26,"Fund",0.0254871938189405
"384",2015-05-26,"Benchmark",-0.0166103814884303
"385",2015-05-27,"Composite",0.0701680842507475
"386",2015-05-27,"Fund",0.0254871938189405
"387",2015-05-27,"Benchmark",-0.0163352095059411
"388",2015-05-28,"Composite",0.0710286312357771
"389",2015-05-28,"Fund",0.0254871938189405
"390",2015-05-28,"Benchmark",-0.0164602876797999
"391",2015-05-29,"Composite",0.0747198404608667
"392",2015-05-29,"Fund",0.03015955810759
"393",2015-05-29,"Benchmark",-0.0162976860537837
"394",2015-06-01,"Composite",0.0685691578266618
"395",2015-06-01,"Fund",0.0290203069829418
"396",2015-06-01,"Benchmark",-0.0167729831144467
"397",2015-06-02,"Composite",0.0616760552898601
"398",2015-06-02,"Fund",0.0290203069829418
"399",2015-06-02,"Benchmark",-0.0178736710444029
"400",2015-06-03,"Composite",0.0545539776161201
"401",2015-06-03,"Fund",0.0267410727552821
"402",2015-06-03,"Benchmark",-0.0195747342088806
"403",2015-06-04,"Composite",0.0611177485228411
"404",2015-06-04,"Fund",0.0244619849232952
"405",2015-06-04,"Benchmark",-0.0215134459036899
"406",2015-06-05,"Composite",0.0578416874644248
"407",2015-06-05,"Fund",0.0221827506956356
"408",2015-06-05,"Benchmark",-0.0246529080675424
"409",2015-06-08,"Composite",0.0600032354121673
"410",2015-06-08,"Fund",0.0210430603839695
"411",2015-06-08,"Benchmark",-0.0258411507191996
"412",2015-06-09,"Composite",0.0578670843952471
"413",2015-06-09,"Fund",0.0176245750316617
"414",2015-06-09,"Benchmark",-0.028505315822389
"415",2015-06-10,"Composite",0.0513673248090114
"416",2015-06-10,"Fund",0.0176245750316617
"417",2015-06-10,"Benchmark",-0.0282176360225141
"418",2015-06-11,"Composite",0.0577333558649455
"419",2015-06-11,"Fund",0.019903955654994
"420",2015-06-11,"Benchmark",-0.0267542213883677
"421",2015-06-12,"Composite",0.0580814260922597
"422",2015-06-12,"Fund",0.0176245750316617
"423",2015-06-12,"Benchmark",-0.0278173858661663
"424",2015-06-15,"Composite",0.062718681172734
"425",2015-06-15,"Fund",0.0153456335953475
"426",2015-06-15,"Benchmark",-0.0304565353345843
"427",2015-06-16,"Composite",0.0666171592906966
"428",2015-06-16,"Fund",0.0142056504923358
"429",2015-06-16,"Benchmark",-0.031682301438399
"430",2015-06-17,"Composite",0.0668460440335332
"431",2015-06-17,"Fund",0.0142056504923358
"432",2015-06-17,"Benchmark",-0.030581613508443
"433",2015-06-18,"Composite",0.0613330718024809
"434",2015-06-18,"Fund",0.0153456335953475
"435",2015-06-18,"Benchmark",-0.0297560975609757
"436",2015-06-19,"Composite",0.0671646359522755
"437",2015-06-19,"Fund",0.0176245750316617
"438",2015-06-19,"Benchmark",-0.0284552845528457
"439",2015-06-22,"Composite",0.0571287152071784
"440",2015-06-22,"Fund",0.0187642653433278
"441",2015-06-22,"Benchmark",-0.0276422764227644
"442",2015-06-23,"Composite",0.0547677221927483
"443",2015-06-23,"Fund",0.0176245750316617
"444",2015-06-23,"Benchmark",-0.0284052532833021
"445",2015-06-24,"Composite",0.0581898275541588
"446",2015-06-24,"Fund",0.0176245750316617
"447",2015-06-24,"Benchmark",-0.0291181988742966
"448",2015-06-25,"Composite",0.0577356402747813
"449",2015-06-25,"Fund",0.0164851775113408
"450",2015-06-25,"Benchmark",-0.0301313320825517
"451",2015-06-26,"Composite",0.0535543116796606
"452",2015-06-26,"Fund",0.0153456335953475
"453",2015-06-26,"Benchmark",-0.0321200750469044
"454",2015-06-29,"Composite",0.0700091302738421
"455",2015-06-29,"Fund",0.00964791401538001
"456",2015-06-29,"Benchmark",-0.0369355847404629
"457",2015-06-30,"Composite",0.0710444741076555
"458",2015-06-30,"Fund",0.0141113716791423
"459",2015-06-30,"Benchmark",-0.0366979362101314
"460",2015-07-01,"Composite",0.0627200898991778
"461",2015-07-01,"Fund",0.0164009999995607
"462",2015-07-01,"Benchmark",-0.0348843026891809
"463",2015-07-02,"Composite",0.064697186294963
"464",2015-07-02,"Fund",0.0164009999995607
"465",2015-07-02,"Benchmark",-0.0346216385240776
"466",2015-07-06,"Composite",0.0769315181927133
"467",2015-07-06,"Fund",0.0129672894972963
"468",2015-07-06,"Benchmark",-0.0377485928705442
"469",2015-07-07,"Composite",0.0854166567426051
"470",2015-07-07,"Fund",0.0118221825457416
"471",2015-07-07,"Benchmark",-0.0396747967479675
"472",2015-07-08,"Composite",0.0887579968814711
"473",2015-07-08,"Fund",0.0106776611768777
"474",2015-07-08,"Benchmark",-0.0411382113821139
"475",2015-07-09,"Composite",0.0789500687416653
"476",2015-07-09,"Fund",0.0118221825457416
"477",2015-07-09,"Benchmark",-0.0404878048780487
"478",2015-07-10,"Composite",0.0657260312815915
"479",2015-07-10,"Fund",0.0129672894972963
"480",2015-07-10,"Benchmark",-0.0395497185741089
"481",2015-07-13,"Composite",0.0638702125078754
"482",2015-07-13,"Fund",0.0141113716791423
"483",2015-07-13,"Benchmark",-0.0386616635397126
"484",2015-07-14,"Composite",0.0656459506025913
"485",2015-07-14,"Fund",0.0152560394436787
"486",2015-07-14,"Benchmark",-0.0384365228267668
"487",2015-07-15,"Composite",0.0692157867296794
"488",2015-07-15,"Fund",0.0164009999995607
"489",2015-07-15,"Benchmark",-0.0374609130706692
"490",2015-07-16,"Composite",0.068110364458956
"491",2015-07-16,"Fund",0.0164009999995607
"492",2015-07-16,"Benchmark",-0.0376485303314572
"493",2015-07-17,"Composite",0.0696359079390463
"494",2015-07-17,"Fund",0.0141113716791423
"495",2015-07-17,"Benchmark",-0.0401500938086307
"496",2015-07-20,"Composite",0.0677488080658548
"497",2015-07-20,"Fund",0.0129672894972963
"498",2015-07-20,"Benchmark",-0.0419262038774235
"499",2015-07-21,"Composite",0.0714216388088695
"500",2015-07-21,"Fund",0.0106776611768777
"501",2015-07-21,"Benchmark",-0.0448030018761728
"502",2015-07-22,"Composite",0.076072291631919
"503",2015-07-22,"Fund",0.00609986849276711
"504",2015-07-22,"Benchmark",-0.0488305190744215
"505",2015-07-23,"Composite",0.080252567469759
"506",2015-07-23,"Fund",0.00495476154121266
"507",2015-07-23,"Benchmark",-0.0496810506566604
"508",2015-07-24,"Composite",0.0829315258695476
"509",2015-07-24,"Fund",0.00266571880348465
"510",2015-07-24,"Benchmark",-0.0511069418386492
"511",2015-07-27,"Composite",0.0886320118566588
"512",2015-07-27,"Fund",-0.00191295225466181
"513",2015-07-27,"Benchmark",-0.0552345215759851
"514",2015-07-28,"Composite",0.0862407607351341
"515",2015-07-28,"Fund",-0.000768284490125226
"516",2015-07-28,"Benchmark",-0.0541088180112572
"517",2015-07-29,"Composite",0.0816158078043132
"518",2015-07-29,"Fund",0.00381024017234877
"519",2015-07-29,"Benchmark",-0.0504565353345843
"520",2015-07-30,"Composite",0.0816522907025292
"521",2015-07-30,"Fund",0.00609986849276711
"522",2015-07-30,"Benchmark",-0.0480675422138838
"523",2015-07-31,"Composite",0.0845598618606647
"524",2015-07-31,"Fund",0.0108146875264885
"525",2015-07-31,"Benchmark",-0.0480050031269544
"526",2015-08-03,"Composite",0.0904393014745977
"527",2015-08-03,"Fund",0.00966431033071791
"528",2015-08-03,"Benchmark",-0.0494308943089431
"529",2015-08-04,"Composite",0.0856704757711662
"530",2015-08-04,"Fund",0.00966431033071791
"531",2015-08-04,"Benchmark",-0.0500687929956224
"532",2015-08-05,"Composite",0.0811791088011753
"533",2015-08-05,"Fund",0.00851437232196561
"534",2015-08-05,"Benchmark",-0.0504440275171983
"535",2015-08-06,"Composite",0.0859718985743589
"536",2015-08-06,"Fund",0.00621478909580619
"537",2015-08-06,"Benchmark",-0.0535084427767355
"538",2015-08-07,"Composite",0.0925905482806297
"539",2015-08-07,"Fund",0.00276438948685831
"540",2015-08-07,"Benchmark",-0.0568980612883054
"541",2015-08-10,"Composite",0.0869941149809765
"542",2015-08-10,"Fund",0.00276438948685831
"543",2015-08-10,"Benchmark",-0.0578236397748595
"544",2015-08-11,"Composite",0.0971376908011088
"545",2015-08-11,"Fund",-0.000685717330744295
"546",2015-08-11,"Benchmark",-0.0617510944340212
"547",2015-08-12,"Composite",0.0994313579794817
"548",2015-08-12,"Fund",-0.00528503017873605
"549",2015-08-12,"Benchmark",-0.0652157598499062
"550",2015-08-13,"Composite",0.0945253338062446
"551",2015-08-13,"Fund",-0.00183506975680614
"552",2015-08-13,"Benchmark",-0.0633896185115698
"553",2015-08-14,"Composite",0.0940261189910176
"554",2015-08-14,"Fund",-0.00298544695257652
"555",2015-08-14,"Benchmark",-0.0637523452157599
"556",2015-08-17,"Composite",0.09836402659711
"557",2015-08-17,"Fund",-0.00298544695257652
"558",2015-08-17,"Benchmark",-0.0642151344590369
"559",2015-08-18,"Composite",0.0954700164567035
"560",2015-08-18,"Fund",-0.00413494577431084
"561",2015-08-18,"Benchmark",-0.0650156347717326
"562",2015-08-19,"Composite",0.103431728081063
"563",2015-08-19,"Fund",-0.00643526097883385
"564",2015-08-19,"Benchmark",-0.0671044402751719
"565",2015-08-20,"Composite",0.107562105095591
"566",2015-08-20,"Fund",-0.00758519898758614
"567",2015-08-20,"Benchmark",-0.0692933083176988
"568",2015-08-21,"Composite",0.11339328363955
"569",2015-08-21,"Fund",-0.0110350130138435
"570",2015-08-21,"Benchmark",-0.0722076297686054
"571",2015-08-24,"Composite",0.125423925713929
"572",2015-08-24,"Fund",-0.0190848718664556
"573",2015-08-24,"Benchmark",-0.0803252032520325
"574",2015-08-25,"Composite",0.110382362134963
"575",2015-08-25,"Fund",-0.0144846806444279
"576",2015-08-25,"Benchmark",-0.0756347717323328
"577",2015-08-26,"Composite",0.110040860178619
"578",2015-08-26,"Fund",-0.0156344722575077
"579",2015-08-26,"Benchmark",-0.0764853033145716
"580",2015-08-27,"Composite",0.106748359413576
"581",2015-08-27,"Fund",-0.0110350130138435
"582",2015-08-27,"Benchmark",-0.0723452157598501
"583",2015-08-28,"Composite",0.102065559428191
"584",2015-08-28,"Fund",-0.00988522140076364
"585",2015-08-28,"Benchmark",-0.0708943089430895
"586",2015-09-01,"Composite",0.10459541111794
"587",2015-09-01,"Fund",-0.00745827393938903
"588",2015-09-01,"Benchmark",-0.0714821763602252
"589",2015-09-02,"Composite",0.102420882741368
"590",2015-09-02,"Fund",-0.00745827393938903
"591",2015-09-02,"Benchmark",-0.0709193245778613
"592",2015-09-03,"Composite",0.103620737954931
"593",2015-09-03,"Fund",-0.00514785743345259
"594",2015-09-03,"Benchmark",-0.0688805503439651
"595",2015-09-04,"Composite",0.109208655238881
"596",2015-09-04,"Fund",-0.00630306568642092
"597",2015-09-04,"Benchmark",-0.0694434021263292
"598",2015-09-08,"Composite",0.0999245621041793
"599",2015-09-08,"Fund",-0.0039920635977938
"600",2015-09-08,"Benchmark",-0.0676297686053784
"601",2015-09-09,"Composite",0.0989880296670558
"602",2015-09-09,"Fund",-0.00283656255348019
"603",2015-09-09,"Benchmark",-0.0655534709193245
"604",2015-09-10,"Composite",0.0969727542152012
"605",2015-09-10,"Fund",-0.0039920635977938
"606",2015-09-10,"Benchmark",-0.0661788617886179
"607",2015-09-11,"Composite",0.100740211249179
"608",2015-09-11,"Fund",-0.0039920635977938
"609",2015-09-11,"Benchmark",-0.066454033771107
"610",2015-09-14,"Composite",0.101766931463601
"611",2015-09-14,"Fund",-0.00514785743345259
"612",2015-09-14,"Benchmark",-0.0671669793621014
"613",2015-09-15,"Composite",0.0927925493938018
"614",2015-09-15,"Fund",-0.00514785743345259
"615",2015-09-15,"Benchmark",-0.0680050031269543
"616",2015-09-16,"Composite",0.0896747594433285
"617",2015-09-16,"Fund",-0.00861392137937511
"618",2015-09-16,"Benchmark",-0.0706066291432145
"619",2015-09-17,"Composite",0.0972261928808538
"620",2015-09-17,"Fund",-0.00861392137937511
"621",2015-09-17,"Benchmark",-0.071219512195122
"622",2015-09-18,"Composite",0.105326716842347
"623",2015-09-18,"Fund",-0.0109246306766569
"624",2015-09-18,"Benchmark",-0.0726454033771108
"625",2015-09-21,"Composite",0.100819112965958
"626",2015-09-21,"Fund",-0.0120801317209704
"627",2015-09-21,"Benchmark",-0.0739587242026267
"628",2015-09-22,"Composite",0.114887161631076
"629",2015-09-22,"Fund",-0.0178579297338834
"630",2015-09-22,"Benchmark",-0.0794621638524078
"631",2015-09-23,"Composite",0.113939281290053
"632",2015-09-23,"Fund",-0.019012991591179
"633",2015-09-23,"Benchmark",-0.0801125703564728
"634",2015-09-24,"Composite",0.119644139765086
"635",2015-09-24,"Fund",-0.0247906432084193
"636",2015-09-24,"Benchmark",-0.0854534083802377
"637",2015-09-25,"Composite",0.115680253443749
"638",2015-09-25,"Fund",-0.0259457050657149
"639",2015-09-25,"Benchmark",-0.0872795497185741
"640",2015-09-28,"Composite",0.128532616864548
"641",2015-09-28,"Fund",-0.0375005691131775
"642",2015-09-28,"Benchmark",-0.0972732958098812
"643",2015-09-29,"Composite",0.134443875420462
"644",2015-09-29,"Fund",-0.0409669258504455
"645",2015-09-29,"Benchmark",-0.10057535959975
"646",2015-09-30,"Composite",0.130994535595752
"647",2015-09-30,"Fund",-0.0374837336108215
"648",2015-09-30,"Benchmark",-0.0994121325828644
"649",2015-10-01,"Composite",0.131665844901891
"650",2015-10-01,"Fund",-0.0386447976906962
"651",2015-10-01,"Benchmark",-0.101400875547217
"652",2015-10-02,"Composite",0.136548859696483
"653",2015-10-02,"Fund",-0.0421279899303202
"654",2015-10-02,"Benchmark",-0.104765478424015
"655",2015-10-05,"Composite",0.125952262657412
"656",2015-10-05,"Fund",-0.0363225231352743
"657",2015-10-05,"Benchmark",-0.0989493433395874
"658",2015-10-06,"Composite",0.124282823621596
"659",2015-10-06,"Fund",-0.0316787060027937
"660",2015-10-06,"Benchmark",-0.0947091932457788
"661",2015-10-07,"Composite",0.118579089481906
"662",2015-10-07,"Fund",-0.024712175127873
"663",2015-10-07,"Benchmark",-0.0878924327704816
"664",2015-10-08,"Composite",0.113601373691938
"665",2015-10-08,"Fund",-0.022390339759469
"666",2015-10-08,"Benchmark",-0.0867417135709819
"667",2015-10-09,"Composite",0.110137382161721
"668",2015-10-09,"Fund",-0.0177456442529524
"669",2015-10-09,"Benchmark",-0.08187617260788
"670",2015-10-13,"Composite",0.115935751821474
"671",2015-10-13,"Fund",-0.0189070011241724
"672",2015-10-13,"Benchmark",-0.0836898061288306
"673",2015-10-14,"Composite",0.122294785035312
"674",2015-10-14,"Fund",-0.0200682115997197
"675",2015-10-14,"Benchmark",-0.0845403377110695
"676",2015-10-15,"Composite",0.117547211090276
"677",2015-10-15,"Fund",-0.0212286900969038
"678",2015-10-15,"Benchmark",-0.0848655409631019
"679",2015-10-16,"Composite",0.115424824014544
"680",2015-10-16,"Fund",-0.0177456442529524
"681",2015-10-16,"Benchmark",-0.0825015634771733
"682",2015-10-19,"Composite",0.114645890487889
"683",2015-10-19,"Fund",-0.0177456442529524
"684",2015-10-19,"Benchmark",-0.0820387742338963
"685",2015-10-20,"Composite",0.109964949481608
"686",2015-10-20,"Fund",-0.0154235160932031
"687",2015-10-20,"Benchmark",-0.0800375234521576
"688",2015-10-21,"Composite",0.113572744005655
"689",2015-10-21,"Fund",-0.0154235160932031
"690",2015-10-21,"Benchmark",-0.0796622889305817
"691",2015-10-22,"Composite",0.115891015102796
"692",2015-10-22,"Fund",-0.0177456442529524
"693",2015-10-22,"Benchmark",-0.0806378986866794
"694",2015-10-23,"Composite",0.109295404465132
"695",2015-10-23,"Fund",-0.0154235160932031
"696",2015-10-23,"Benchmark",-0.078223889931207
"697",2015-10-26,"Composite",0.1111581640982
"698",2015-10-26,"Fund",-0.0165847265687505
"699",2015-10-26,"Benchmark",-0.0788742964352721
"700",2015-10-27,"Composite",0.115648164358597
"701",2015-10-27,"Fund",-0.0177456442529524
"702",2015-10-27,"Benchmark",-0.0805253283302064
"703",2015-10-28,"Composite",0.108755707625289
"704",2015-10-28,"Fund",-0.0165847265687505
"705",2015-10-28,"Benchmark",-0.080012507817386
"706",2015-10-29,"Composite",0.102956750011002
"707",2015-10-29,"Fund",-0.0165847265687505
"708",2015-10-29,"Benchmark",-0.0800750469043153
"709",2015-10-30,"Composite",0.103443092074145
"710",2015-10-30,"Fund",-0.0128507585418582
"711",2015-10-30,"Benchmark",-0.0803252032520325
"712",2015-11-02,"Composite",0.100101291445664
"713",2015-11-02,"Fund",-0.0116836922394044
"714",2015-11-02,"Benchmark",-0.0791869918699187
"715",2015-11-03,"Composite",0.0954486734803865
"716",2015-11-03,"Fund",-0.0105172115196412
"717",2015-11-03,"Benchmark",-0.077961225766104
"718",2015-11-04,"Composite",0.0938957264621549
"719",2015-11-04,"Fund",-0.0116836922394044
"720",2015-11-04,"Benchmark",-0.0781488430268918
"721",2015-11-05,"Composite",0.0954743355968188
"722",2015-11-05,"Fund",-0.0140176784486392
"723",2015-11-05,"Benchmark",-0.080850531582239
"724",2015-11-06,"Composite",0.0916324893920473
"725",2015-11-06,"Fund",-0.0175182917733099
"726",2015-11-06,"Benchmark",-0.0846028767979987
"727",2015-11-09,"Composite",0.0929979638004779
"728",2015-11-09,"Fund",-0.0221855322134162
"729",2015-11-09,"Benchmark",-0.0885928705440902
"730",2015-11-10,"Composite",0.0964198846602002
"731",2015-11-10,"Fund",-0.0256859991424142
"732",2015-11-10,"Benchmark",-0.0908067542213885
"733",2015-11-12,"Composite",0.098215176839092
"734",2015-11-12,"Fund",-0.0303533859781931
"735",2015-11-12,"Benchmark",-0.0954096310193873
"736",2015-11-13,"Composite",0.103875621089024
"737",2015-11-13,"Fund",-0.0338541456985365
"738",2015-11-13,"Benchmark",-0.0986491557223266
"739",2015-11-16,"Composite",0.104866436286012
"740",2015-11-16,"Fund",-0.0361873999294081
"741",2015-11-16,"Benchmark",-0.100975609756098
"742",2015-11-17,"Composite",0.103030051350338
"743",2015-11-17,"Fund",-0.0338541456985365
"744",2015-11-17,"Benchmark",-0.0979862414008756
"745",2015-11-18,"Composite",0.102521818292263
"746",2015-11-18,"Fund",-0.0338541456985365
"747",2015-11-18,"Benchmark",-0.0990869293308319
"748",2015-11-19,"Composite",0.103316115525765
"749",2015-11-19,"Fund",-0.0361873999294081
"750",2015-11-19,"Benchmark",-0.10245153220763
"751",2015-11-20,"Composite",0.103106958625302
"752",2015-11-20,"Fund",-0.0385215325343156
"753",2015-11-20,"Benchmark",-0.104727954971857
"754",2015-11-23,"Composite",0.105528775093227
"755",2015-11-23,"Fund",-0.0396883060454239
"756",2015-11-23,"Benchmark",-0.105878674171357
"757",2015-11-24,"Composite",0.10780984974581
"758",2015-11-24,"Fund",-0.0420218530676408
"759",2015-11-24,"Benchmark",-0.107717323327079
"760",2015-11-25,"Composite",0.107808858601945
"761",2015-11-25,"Fund",-0.0408552259522051
"762",2015-11-25,"Benchmark",-0.106954346466542
"763",2015-11-27,"Composite",0.108063382862542
"764",2015-11-27,"Fund",-0.0408552259522051
"765",2015-11-27,"Benchmark",-0.107116948092558
"766",2015-11-30,"Composite",0.108683331967631
"767",2015-11-30,"Fund",-0.0360471528749988
"768",2015-11-30,"Benchmark",-0.106191369606004
"769",2015-12-01,"Composite",0.11315140434129
"770",2015-12-01,"Fund",-0.0337017478032964
"771",2015-12-01,"Benchmark",-0.104290181363352
"772",2015-12-02,"Composite",0.112688476846867
"773",2015-12-02,"Fund",-0.0325289720696089
"774",2015-12-02,"Benchmark",-0.103289555972483
"775",2015-12-03,"Composite",0.101243104458622
"776",2015-12-03,"Fund",-0.0360471528749988
"777",2015-12-03,"Benchmark",-0.106704190118824
"778",2015-12-04,"Composite",0.106600567998229
"779",2015-12-04,"Fund",-0.0383922651553559
"780",2015-12-04,"Benchmark",-0.108943089430894
"781",2015-12-07,"Composite",0.113232485405859
"782",2015-12-07,"Fund",-0.0419102995650732
"783",2015-12-07,"Benchmark",-0.113033145716073
"784",2015-12-08,"Composite",0.11597225836996
"785",2015-12-08,"Fund",-0.0477740318378381
"786",2015-12-08,"Benchmark",-0.119136960600375
"787",2015-12-09,"Composite",0.117283022536373
"788",2015-12-09,"Fund",-0.051292212643228
"789",2015-12-09,"Benchmark",-0.120137585991245
"790",2015-12-10,"Composite",0.116818664191554
"791",2015-12-10,"Fund",-0.0524646955855703
"792",2015-12-10,"Benchmark",-0.121676047529706
"793",2015-12-11,"Composite",0.131862495078545
"794",2015-12-11,"Fund",-0.0641915745484096
"795",2015-12-11,"Benchmark",-0.131357098186366
"796",2015-12-14,"Composite",0.132066172221323
"797",2015-12-14,"Fund",-0.075918453511249
"798",2015-12-14,"Benchmark",-0.143652282676673
"799",2015-12-15,"Composite",0.124935041797824
"800",2015-12-15,"Fund",-0.0677097553537995
"801",2015-12-15,"Benchmark",-0.136848030018762
"802",2015-12-16,"Composite",0.121055890539129
"803",2015-12-16,"Fund",-0.0665366868287667
"804",2015-12-16,"Benchmark",-0.13443402126329
"805",2015-12-17,"Composite",0.125605300346652
"806",2015-12-17,"Fund",-0.0665366868287667
"807",2015-12-17,"Benchmark",-0.134959349593496
"808",2015-12-18,"Composite",0.132590415297046
"809",2015-12-18,"Fund",-0.0724005654972044
"810",2015-12-18,"Benchmark",-0.141138211382114
"811",2015-12-21,"Composite",0.13287872636985
"812",2015-12-21,"Fund",-0.0724005654972044
"813",2015-12-21,"Benchmark",-0.142038774233896
"814",2015-12-22,"Composite",0.128152132675605
"815",2015-12-22,"Fund",-0.0747461169645794
"816",2015-12-22,"Benchmark",-0.140475297060663
"817",2015-12-23,"Composite",0.122773480849202
"818",2015-12-23,"Fund",-0.0712277897635168
"819",2015-12-23,"Benchmark",-0.137410881801126
"820",2015-12-24,"Composite",0.123157540083156
"821",2015-12-24,"Fund",-0.0700548676341567
"822",2015-12-24,"Benchmark",-0.136885553470919
"823",2015-12-29,"Composite",0.116553229467879
"824",2015-12-29,"Fund",-0.0688825310874871
"825",2015-12-29,"Benchmark",-0.135084427767355
"826",2015-12-30,"Composite",0.117297606021683
"827",2015-12-30,"Fund",-0.0677097553537995
"828",2015-12-30,"Benchmark",-0.134871794871795
"829",2015-12-31,"Composite",0.12118099999138
"830",2015-12-31,"Fund",-0.0614525115129217
"831",2015-12-31,"Benchmark",-0.134496560350219
"832",2016-01-04,"Composite",0.128004476333573
"833",2016-01-04,"Fund",-0.0649942620216101
"834",2016-01-04,"Benchmark",-0.138023764853033
"835",2016-01-05,"Composite",0.126172853099385
"836",2016-01-05,"Fund",-0.0614525115129217
"837",2016-01-05,"Benchmark",-0.135422138836773
"838",2016-01-06,"Composite",0.134075101919944
"839",2016-01-06,"Fund",-0.0614525115129217
"840",2016-01-06,"Benchmark",-0.135597248280175
"841",2016-01-07,"Composite",0.139568891272484
"842",2016-01-07,"Fund",-0.0649942620216101
"843",2016-01-07,"Benchmark",-0.139049405878674
"844",2016-01-08,"Composite",0.141295262004886
"845",2016-01-08,"Fund",-0.0638137273172715
"846",2016-01-08,"Benchmark",-0.138273921200751
"847",2016-01-11,"Composite",0.142090036840382
"848",2016-01-11,"Fund",-0.0673553314302873
"849",2016-01-11,"Benchmark",-0.141125703564728
"850",2016-01-12,"Composite",0.149296276360906
"851",2016-01-12,"Fund",-0.069716547234637
"852",2016-01-12,"Benchmark",-0.142851782363978
"853",2016-01-13,"Composite",0.153613178026861
"854",2016-01-13,"Fund",-0.0732581513476528
"855",2016-01-13,"Benchmark",-0.146579111944966
"856",2016-01-14,"Composite",0.155019299546594
"857",2016-01-14,"Fund",-0.0791611176606909
"858",2016-01-14,"Benchmark",-0.151607254534084
"859",2016-01-15,"Composite",0.167777453154029
"860",2016-01-15,"Fund",-0.088605541691072
"861",2016-01-15,"Benchmark",-0.161275797373358
"862",2016-01-19,"Composite",0.168221967483172
"863",2016-01-19,"Fund",-0.0897860763954107
"864",2016-01-19,"Benchmark",-0.161350844277674
"865",2016-01-20,"Composite",0.181775255992589
"866",2016-01-20,"Fund",-0.101591716230142
"867",2016-01-20,"Benchmark",-0.173445903689806
"868",2016-01-21,"Composite",0.176380949910816
"869",2016-01-21,"Fund",-0.09686972380846
"870",2016-01-21,"Benchmark",-0.169568480300188
"871",2016-01-22,"Composite",0.16629059399049
"872",2016-01-22,"Fund",-0.088605541691072
"873",2016-01-22,"Benchmark",-0.161538461538462
"874",2016-01-25,"Composite",0.168011047505879
"875",2016-01-25,"Fund",-0.0874251533824062
"876",2016-01-25,"Benchmark",-0.160175109443402
"877",2016-01-26,"Composite",0.168868721676795
"878",2016-01-26,"Fund",-0.086244472282395
"879",2016-01-26,"Benchmark",-0.159262038774234
"880",2016-01-27,"Composite",0.167025984034365
"881",2016-01-27,"Fund",-0.0850637911823837
"882",2016-01-27,"Benchmark",-0.15797373358349
"883",2016-01-28,"Composite",0.166401896244752
"884",2016-01-28,"Fund",-0.0827025753780339
"885",2016-01-28,"Benchmark",-0.156060037523452
"886",2016-01-29,"Composite",0.169366368348825
"887",2016-01-29,"Fund",-0.0755827682338374
"888",2016-01-29,"Benchmark",-0.153445903689806
"889",2016-02-01,"Composite",0.165478315054497
"890",2016-02-01,"Fund",-0.0779558420876727
"891",2016-02-01,"Benchmark",-0.155234521575985
"892",2016-02-02,"Composite",0.17873349486986
"893",2016-02-02,"Fund",-0.0827028681693793
"894",2016-02-02,"Benchmark",-0.159662288930582
"895",2016-02-03,"Composite",0.178306326398674
"896",2016-02-03,"Fund",-0.086262625345805
"897",2016-02-03,"Benchmark",-0.161738586616635
"898",2016-02-04,"Composite",0.177855171756482
"899",2016-02-04,"Fund",-0.0874496014597406
"900",2016-02-04,"Benchmark",-0.160963101938712
"901",2016-02-05,"Composite",0.181207447735295
"902",2016-02-05,"Fund",-0.0910096514275116
"903",2016-02-05,"Benchmark",-0.163852407754847
"904",2016-02-08,"Composite",0.199335113640835
"905",2016-02-08,"Fund",-0.101689508539479
"906",2016-02-08,"Benchmark",-0.174621638524078
"907",2016-02-09,"Composite",0.201544210052819
"908",2016-02-09,"Fund",-0.107623071548104
"909",2016-02-09,"Benchmark",-0.178974358974359
"910",2016-02-10,"Composite",0.202668090134453
"911",2016-02-10,"Fund",-0.102876338257742
"912",2016-02-10,"Benchmark",-0.17661038148843
"913",2016-02-11,"Composite",0.21353524513878
"914",2016-02-11,"Fund",-0.11355619536971
"915",2016-02-11,"Benchmark",-0.186016260162602
"916",2016-02-12,"Composite",0.201558774568029
"917",2016-02-12,"Fund",-0.108809608475021
"918",2016-02-12,"Benchmark",-0.181626016260163
"919",2016-02-16,"Composite",0.195780913370533
"920",2016-02-16,"Fund",-0.10524955850725
"921",2016-02-16,"Benchmark",-0.177773608505316
"922",2016-02-17,"Composite",0.185547066459456
"923",2016-02-17,"Fund",-0.096942775249118
"924",2016-02-17,"Benchmark",-0.171432145090682
"925",2016-02-18,"Composite",0.189332623120937
"926",2016-02-18,"Fund",-0.09456955499961
"927",2016-02-18,"Benchmark",-0.168105065666041
"928",2016-02-19,"Composite",0.190911265446784
"929",2016-02-19,"Fund",-0.0957560919265276
"930",2016-02-19,"Benchmark",-0.170381488430269
"931",2016-02-22,"Composite",0.188059506721999
"932",2016-02-22,"Fund",-0.0933828716770195
"933",2016-02-22,"Benchmark",-0.166629143214509
"934",2016-02-23,"Composite",0.191767081105707
"935",2016-02-23,"Fund",-0.09456955499961
"936",2016-02-23,"Benchmark",-0.166804252657911
"937",2016-02-24,"Composite",0.195061060645215
"938",2016-02-24,"Fund",-0.0957560919265276
"939",2016-02-24,"Benchmark",-0.169193245778612
"940",2016-02-25,"Composite",0.195096589020669
"941",2016-02-25,"Fund",-0.0921963347501019
"942",2016-02-25,"Benchmark",-0.164652908067542
"943",2016-02-26,"Composite",0.184500711981598
"944",2016-02-26,"Fund",-0.0850762348145599
"945",2016-02-26,"Benchmark",-0.158799249530957
"946",2016-02-29,"Composite",0.184078284106747
"947",2016-02-29,"Fund",-0.0781594784683441
"948",2016-02-29,"Benchmark",-0.154659161976235
"949",2016-03-01,"Composite",0.170612341699282
"950",2016-03-01,"Fund",-0.072196489929515
"951",2016-03-01,"Benchmark",-0.147754846779237
"952",2016-03-02,"Composite",0.166597602533237
"953",2016-03-02,"Fund",-0.065041401428207
"954",2016-03-02,"Benchmark",-0.142639149468418
"955",2016-03-03,"Composite",0.166397286216775
"956",2016-03-03,"Fund",-0.0614637839797167
"957",2016-03-03,"Benchmark",-0.140050031269544
"958",2016-03-04,"Composite",0.15651376627107
"959",2016-03-04,"Fund",-0.0566936273817296
"960",2016-03-04,"Benchmark",-0.13422138836773
"961",2016-03-07,"Composite",0.154273294074663
"962",2016-03-07,"Fund",-0.0555009418365602
"963",2016-03-07,"Benchmark",-0.131957473420888
"964",2016-03-08,"Composite",0.161895810461235
"965",2016-03-08,"Fund",-0.0555009418365602
"966",2016-03-08,"Benchmark",-0.132933083176986
"967",2016-03-09,"Composite",0.157761497590958
"968",2016-03-09,"Fund",-0.0566936273817296
"969",2016-03-09,"Benchmark",-0.134659161976235
"970",2016-03-10,"Composite",0.153022440714867
"971",2016-03-10,"Fund",-0.0531157171418939
"972",2016-03-10,"Benchmark",-0.132007504690432
"973",2016-03-11,"Composite",0.142586678563793
"974",2016-03-11,"Fund",-0.0459604822449133
"975",2016-03-11,"Benchmark",-0.125440900562852
"976",2016-03-14,"Composite",0.14311787994252
"977",2016-03-14,"Fund",-0.0447677966997438
"978",2016-03-14,"Benchmark",-0.123664790494059
"979",2016-03-15,"Composite",0.147126146839227
"980",2016-03-15,"Fund",-0.0483455605439068
"981",2016-03-15,"Benchmark",-0.12656660412758
"982",2016-03-16,"Composite",0.150570414874321
"983",2016-03-16,"Fund",-0.0495382460890763
"984",2016-03-16,"Benchmark",-0.127767354596623
"985",2016-03-17,"Composite",0.147724254863331
"986",2016-03-17,"Fund",-0.043575257550247
"987",2016-03-17,"Benchmark",-0.122351469668543
"988",2016-03-18,"Composite",0.147936699424611
"989",2016-03-18,"Fund",-0.0376127081984359
"990",2016-03-18,"Benchmark",-0.117335834896811
"991",2016-03-21,"Composite",0.143169928875121
"992",2016-03-21,"Fund",-0.0364203154446117
"993",2016-03-21,"Benchmark",-0.116422764227642
"994",2016-03-22,"Composite",0.144050112239685
"995",2016-03-22,"Fund",-0.0364203154446117
"996",2016-03-22,"Benchmark",-0.117598499061914
"997",2016-03-23,"Composite",0.151820265854574
"998",2016-03-23,"Fund",-0.0376127081984359
"999",2016-03-23,"Benchmark",-0.11906191369606
"1000",2016-03-24,"Composite",0.15356037715773
"1001",2016-03-24,"Fund",-0.043575257550247
"1002",2016-03-24,"Benchmark",-0.124490306441526
"1003",2016-03-29,"Composite",0.160910275903986
"1004",2016-03-29,"Fund",-0.0471533141857553
"1005",2016-03-29,"Benchmark",-0.128780487804878
"1006",2016-03-30,"Composite",0.155439722938784
"1007",2016-03-30,"Fund",-0.043575257550247
"1008",2016-03-30,"Benchmark",-0.124665415884928
"1009",2016-03-31,"Composite",0.158578685677014
"1010",2016-03-31,"Fund",-0.0350648379114433
"1011",2016-03-31,"Benchmark",-0.122476547842402
"1012",2016-04-01,"Composite",0.158923149487389
"1013",2016-04-01,"Fund",-0.0350648379114433
"1014",2016-04-01,"Benchmark",-0.122751719824891
"1015",2016-04-04,"Composite",0.159307984376966
"1016",2016-04-04,"Fund",-0.0338660037480221
"1017",2016-04-04,"Benchmark",-0.12172607879925
"1018",2016-04-05,"Composite",0.167502862649902
"1019",2016-04-05,"Fund",-0.0362636720748645
"1020",2016-04-05,"Benchmark",-0.12411507191995
"1021",2016-04-06,"Composite",0.163230202026113
"1022",2016-04-06,"Fund",-0.0338660037480221
"1023",2016-04-06,"Benchmark",-0.121388367729831
"1024",2016-04-07,"Composite",0.171072300801574
"1025",2016-04-07,"Fund",-0.0338660037480221
"1026",2016-04-07,"Benchmark",-0.122113821138212
"1027",2016-04-08,"Composite",0.165528812993863
"1028",2016-04-08,"Fund",-0.0314689210038703
"1029",2016-04-08,"Benchmark",-0.119887429643527
"1030",2016-04-11,"Composite",0.163698988038451
"1031",2016-04-11,"Fund",-0.0302699404447765
"1032",2016-04-11,"Benchmark",-0.118449030644153
"1033",2016-04-12,"Composite",0.156845347097946
"1034",2016-04-12,"Fund",-0.0290715454683732
"1035",2016-04-12,"Benchmark",-0.115434646654159
"1036",2016-04-13,"Composite",0.153719241427614
"1037",2016-04-13,"Fund",-0.0218795652575547
"1038",2016-04-13,"Benchmark",-0.109418386491557
"1039",2016-04-14,"Composite",0.150657804251043
"1040",2016-04-14,"Fund",-0.0206805846984609
"1041",2016-04-14,"Benchmark",-0.107166979362101
"1042",2016-04-15,"Composite",0.153560330836522
"1043",2016-04-15,"Fund",-0.0206805846984609
"1044",2016-04-15,"Benchmark",-0.107104440275172
"1045",2016-04-18,"Composite",0.151532820085787
"1046",2016-04-18,"Fund",-0.0206805846984609
"1047",2016-04-18,"Benchmark",-0.107542213883677
"1048",2016-04-19,"Composite",0.145318299251833
"1049",2016-04-19,"Fund",-0.015886126418812
"1050",2016-04-19,"Benchmark",-0.102001250781739
"1051",2016-04-20,"Composite",0.137370561521194
"1052",2016-04-20,"Fund",-0.00989239478872406
"1053",2016-04-20,"Benchmark",-0.0982989368355223
"1054",2016-04-21,"Composite",0.135374981166881
"1055",2016-04-21,"Fund",-0.00869414620799347
"1056",2016-04-21,"Benchmark",-0.0977736085053159
"1057",2016-04-22,"Composite",0.134410687350678
"1058",2016-04-22,"Fund",-0.00869414620799347
"1059",2016-04-22,"Benchmark",-0.098136335209506
"1060",2016-04-25,"Composite",0.13337697028268
"1061",2016-04-25,"Fund",-0.0110915217434905
"1062",2016-04-25,"Benchmark",-0.0994496560350221
"1063",2016-04-26,"Composite",0.129397861653188
"1064",2016-04-26,"Fund",-0.00989239478872406
"1065",2016-04-26,"Benchmark",-0.0982113821138212
"1066",2016-04-27,"Composite",0.133169900482598
"1067",2016-04-27,"Fund",-0.00629662427682376
"1068",2016-04-27,"Benchmark",-0.0957598499061916
"1069",2016-04-28,"Composite",0.133352559427353
"1070",2016-04-28,"Fund",-0.00270070736925077
"1071",2016-04-28,"Benchmark",-0.0919199499687305
"1072",2016-04-29,"Composite",0.136196732132643
"1073",2016-04-29,"Fund",0.000429524903587497
"1074",2016-04-29,"Benchmark",-0.0924702939337086
"1075",2016-05-03,"Composite",0.140740508026691
"1076",2016-05-03,"Fund",-0.00438601435292452
"1077",2016-05-03,"Benchmark",-0.0959224515322077
"1078",2016-05-04,"Composite",0.145068505090365
"1079",2016-05-04,"Fund",-0.00679422316819867
"1080",2016-05-04,"Benchmark",-0.0980237648530333
"1081",2016-05-05,"Composite",0.149064733175619
"1082",2016-05-05,"Fund",-0.00679422316819867
"1083",2016-05-05,"Benchmark",-0.098411507191995
"1084",2016-05-06,"Composite",0.148283851663119
"1085",2016-05-06,"Fund",-0.0104052188300556
"1086",2016-05-06,"Benchmark",-0.101538461538462
"1087",2016-05-09,"Composite",0.150812857637798
"1088",2016-05-09,"Fund",-0.0116094696333653
"1089",2016-05-09,"Benchmark",-0.102251407129456
"1090",2016-05-10,"Composite",0.148986797950829
"1091",2016-05-10,"Fund",-0.0104052188300556
"1092",2016-05-10,"Benchmark",-0.10042526579112
"1093",2016-05-11,"Composite",0.149382605465765
"1094",2016-05-11,"Fund",-0.00799774199314496
"1095",2016-05-11,"Benchmark",-0.0980112570356473
"1096",2016-05-12,"Composite",0.146107588305801
"1097",2016-05-12,"Fund",-0.00799774199314496
"1098",2016-05-12,"Benchmark",-0.0976860537836148
"1099",2016-05-13,"Composite",0.151080449611948
"1100",2016-05-13,"Fund",-0.00920140721376395
"1101",2016-05-13,"Benchmark",-0.0985490931832396
"1102",2016-05-16,"Composite",0.145247808592013
"1103",2016-05-16,"Fund",-0.00679422316819867
"1104",2016-05-16,"Benchmark",-0.0969981238273921
"1105",2016-05-17,"Composite",0.143269116641296
"1106",2016-05-17,"Fund",-0.00558953317787103
"1107",2016-05-17,"Benchmark",-0.0959349593495936
"1108",2016-05-18,"Composite",0.132040256335725
"1109",2016-05-18,"Fund",-0.00558953317787103
"1110",2016-05-18,"Benchmark",-0.0962851782363979
"1111",2016-05-19,"Composite",0.139958688992952
"1112",2016-05-19,"Fund",-0.0104052188300556
"1113",2016-05-19,"Benchmark",-0.100075046904315
"1114",2016-05-20,"Composite",0.137769116134606
"1115",2016-05-20,"Fund",-0.00679422316819867
"1116",2016-05-20,"Benchmark",-0.0975984990619138
"1117",2016-05-23,"Composite",0.138358539066701
"1118",2016-05-23,"Fund",-0.00679422316819867
"1119",2016-05-23,"Benchmark",-0.0971357098186367
"1120",2016-05-24,"Composite",0.134328915990537
"1121",2016-05-24,"Fund",-0.00318205634096025
"1122",2016-05-24,"Benchmark",-0.0949843652282679
"1123",2016-05-25,"Composite",0.130430511775838
"1124",2016-05-25,"Fund",0.00163319012420637
"1125",2016-05-25,"Benchmark",-0.0925828642901814
"1126",2016-05-26,"Composite",0.13487064535616
"1127",2016-05-26,"Fund",0.00283744092751603
"1128",2016-05-26,"Benchmark",-0.0915697310819262
"1129",2016-05-27,"Composite",0.133827719093337
"1130",2016-05-27,"Fund",0.00283744092751603
"1131",2016-05-27,"Benchmark",-0.0916197623514698
"1132",2016-05-31,"Composite",0.13507643047992
"1133",2016-05-31,"Fund",0.00731173187105516
"1134",2016-05-31,"Benchmark",-0.0909693558474045
"1135",2016-06-01,"Composite",0.135926008860155
"1136",2016-06-01,"Fund",0.0061022108235298
"1137",2016-06-01,"Benchmark",-0.0929455909943716
"1138",2016-06-02,"Composite",0.13867075923668
"1139",2016-06-02,"Fund",0.0061022108235298
"1140",2016-06-02,"Benchmark",-0.092057535959975
"1141",2016-06-03,"Composite",0.146369107188951
"1142",2016-06-03,"Fund",0.0061022108235298
"1143",2016-06-03,"Benchmark",-0.091131957473421
"1144",2016-06-06,"Composite",0.141972193372088
"1145",2016-06-06,"Fund",0.00972989559207016
"1146",2016-06-06,"Benchmark",-0.088217636022514
"1147",2016-06-07,"Composite",0.140668535970498
"1148",2016-06-07,"Fund",0.0121489376871211
"1149",2016-06-07,"Benchmark",-0.0850531582238899
"1150",2016-06-08,"Composite",0.139328268126889
"1151",2016-06-08,"Fund",0.0157766224556615
"1152",2016-06-08,"Benchmark",-0.0815384615384618
"1153",2016-06-09,"Composite",0.144196779919407
"1154",2016-06-09,"Fund",0.0145672478038088
"1155",2016-06-09,"Benchmark",-0.0818136335209505
"1156",2016-06-10,"Composite",0.151340556111499
"1157",2016-06-10,"Fund",0.0109395630352682
"1158",2016-06-10,"Benchmark",-0.0843902439024391
"1159",2016-06-13,"Composite",0.156964836283562
"1160",2016-06-13,"Fund",0.00731173187105516
"1161",2016-06-13,"Benchmark",-0.0869168230143841
"1162",2016-06-14,"Composite",0.163144241135574
"1163",2016-06-14,"Fund",0.00126529779880924
"1164",2016-06-14,"Benchmark",-0.0919574734208882
"1165",2016-06-15,"Composite",0.164063453468546
"1166",2016-06-15,"Fund",0.00247452605498921
"1167",2016-06-15,"Benchmark",-0.0906691682301438
"1168",2016-06-16,"Composite",0.169931793549345
"1169",2016-06-16,"Fund",-0.00115286592220565
"1170",2016-06-16,"Benchmark",-0.0948217636022515
"1171",2016-06-17,"Composite",0.161595163532587
"1172",2016-06-17,"Fund",0.00126529779880924
"1173",2016-06-17,"Benchmark",-0.0922701688555347
"1174",2016-06-20,"Composite",0.148873636531524
"1175",2016-06-20,"Fund",0.00731173187105516
"1176",2016-06-20,"Benchmark",-0.0864290181363352
"1177",2016-06-21,"Composite",0.14631897473801
"1178",2016-06-21,"Fund",0.00731173187105516
"1179",2016-06-21,"Benchmark",-0.0869418386491558
"1180",2016-06-22,"Composite",0.145136431768202
"1181",2016-06-22,"Fund",0.00852110652290805
"1182",2016-06-22,"Benchmark",-0.0849030644152595
"1183",2016-06-23,"Composite",0.13547883052977
"1184",2016-06-23,"Fund",0.0121489376871211
"1185",2016-06-23,"Benchmark",-0.0820012507817386
"1186",2016-06-24,"Composite",0.1668846195908
"1187",2016-06-24,"Fund",5.60695426290447e-05
"1188",2016-06-24,"Benchmark",-0.0922451532207631
"1189",2016-06-27,"Composite",0.189084652209443
"1190",2016-06-27,"Fund",-0.00840867464630446
"1191",2016-06-27,"Benchmark",-0.0980237648530333
"1192",2016-06-28,"Composite",0.184838351434626
"1193",2016-06-28,"Fund",-0.00599007173827149
"1194",2016-06-28,"Benchmark",-0.0957223264540339
"1195",2016-06-29,"Composite",0.176556850178706
"1196",2016-06-29,"Fund",0.00247452605498921
"1197",2016-06-29,"Benchmark",-0.0889931207004377
"1198",2016-06-30,"Composite",0.173385119158294
"1199",2016-06-30,"Fund",0.0107351946762335
"1200",2016-06-30,"Benchmark",-0.0863414634146343
"1201",2016-07-01,"Composite",0.173512864710031
"1202",2016-07-01,"Fund",0.0143800077384753
"1203",2016-07-01,"Benchmark",-0.0830268918073798
"1204",2016-07-05,"Composite",0.185585290668443
"1205",2016-07-05,"Fund",0.0143800077384753
"1206",2016-07-05,"Benchmark",-0.0825891181988742
"1207",2016-07-06,"Composite",0.185517047690922
"1208",2016-07-06,"Fund",0.0143800077384753
"1209",2016-07-06,"Benchmark",-0.0828017510944341
"1210",2016-07-07,"Composite",0.184304180025983
"1211",2016-07-07,"Fund",0.0180242352180262
"1212",2016-07-07,"Benchmark",-0.0790994371482177
"1213",2016-07-08,"Composite",0.183098461632337
"1214",2016-07-08,"Fund",0.0228832539893187
"1215",2016-07-08,"Benchmark",-0.0746341463414634
"1216",2016-07-11,"Composite",0.172238811128448
"1217",2016-07-11,"Fund",0.0301725873224568
"1218",2016-07-11,"Benchmark",-0.0691807379612259
"1219",2016-07-12,"Composite",0.159553092905514
"1220",2016-07-12,"Fund",0.036246543781163
"1221",2016-07-12,"Benchmark",-0.0641400875547217
"1222",2016-07-13,"Composite",0.164234665849455
"1223",2016-07-13,"Fund",0.0326021699059393
"1224",2016-07-13,"Benchmark",-0.0666166353971235
"1225",2016-07-14,"Composite",0.156376049314987
"1226",2016-07-14,"Fund",0.036246543781163
"1227",2016-07-14,"Benchmark",-0.0645028142589119
"1228",2016-07-15,"Composite",0.151301254262034
"1229",2016-07-15,"Fund",0.0350321916764398
"1230",2016-07-15,"Benchmark",-0.0649155722326453
"1231",2016-07-18,"Composite",0.151260959273211
"1232",2016-07-18,"Fund",0.0350321916764398
"1233",2016-07-18,"Benchmark",-0.0652282676672922
"1234",2016-07-19,"Composite",0.154316463925359
"1235",2016-07-19,"Fund",0.0350321916764398
"1236",2016-07-19,"Benchmark",-0.0651782363977486
"1237",2016-07-20,"Composite",0.150672580869425
"1238",2016-07-20,"Fund",0.036246543781163
"1239",2016-07-20,"Benchmark",-0.0641400875547217
"1240",2016-07-21,"Composite",0.151907733527125
"1241",2016-07-21,"Fund",0.037461481468577
"1242",2016-07-21,"Benchmark",-0.0634271419637273
"1243",2016-07-22,"Composite",0.151932126218175
"1244",2016-07-22,"Fund",0.037461481468577
"1245",2016-07-22,"Benchmark",-0.0633771106941841
"1246",2016-07-25,"Composite",0.151201073781012
"1247",2016-07-25,"Fund",0.037461481468577
"1248",2016-07-25,"Benchmark",-0.0636898061288306
"1249",2016-07-26,"Composite",0.153311572275397
"1250",2016-07-26,"Fund",0.0350321916764398
"1251",2016-07-26,"Benchmark",-0.065716072545341
"1252",2016-07-27,"Composite",0.157874884433038
"1253",2016-07-27,"Fund",0.0326021699059393
"1254",2016-07-27,"Benchmark",-0.0662914321450907
"1255",2016-07-28,"Composite",0.158341476499697
"1256",2016-07-28,"Fund",0.031387378614198
"1257",2016-07-28,"Benchmark",-0.0673921200750471
"1258",2016-07-29,"Composite",0.16329729243962
"1259",2016-07-29,"Fund",0.0350488807831231
"1260",2016-07-29,"Benchmark",-0.0683802376485304
"1261",2016-08-01,"Composite",0.159911770828007
"1262",2016-08-01,"Fund",0.0350488807831231
"1263",2016-08-01,"Benchmark",-0.0689931207004378
"1264",2016-08-02,"Composite",0.157176573520164
"1265",2016-08-02,"Fund",0.0326080257328458
"1266",2016-08-02,"Benchmark",-0.0710068792995624
"1267",2016-08-03,"Composite",0.157487888569002
"1268",2016-08-03,"Fund",0.0326080257328458
"1269",2016-08-03,"Benchmark",-0.0706691682301439
"1270",2016-08-04,"Composite",0.160392152809521
"1271",2016-08-04,"Fund",0.0374903214160911
"1272",2016-08-04,"Benchmark",-0.0671919949968731
"1273",2016-08-05,"Composite",0.150294032435917
"1274",2016-08-05,"Fund",0.0411522627720342
"1275",2016-08-05,"Benchmark",-0.0643277048155098
"1276",2016-08-08,"Composite",0.148893655692926
"1277",2016-08-08,"Fund",0.0435934106136568
"1278",2016-08-08,"Benchmark",-0.0624640400250157
"1279",2016-08-09,"Composite",0.150787403846305
"1280",2016-08-09,"Fund",0.0484757062969023
"1281",2016-08-09,"Benchmark",-0.059349593495935
"1282",2016-08-10,"Composite",0.153232535682219
"1283",2016-08-10,"Fund",0.049695914228532
"1284",2016-08-10,"Benchmark",-0.0588117573483428
"1285",2016-08-11,"Composite",0.145646875458153
"1286",2016-08-11,"Fund",0.0484757062969023
"1287",2016-08-11,"Benchmark",-0.0586241400875548
"1288",2016-08-12,"Composite",0.150455818036605
"1289",2016-08-12,"Fund",0.049695914228532
"1290",2016-08-12,"Benchmark",-0.0579111944965603
"1291",2016-08-15,"Composite",0.145957984442908
"1292",2016-08-15,"Fund",0.0521370620701549
"1293",2016-08-15,"Benchmark",-0.056372732958099
"1294",2016-08-16,"Composite",0.141723842897428
"1295",2016-08-16,"Fund",0.0533575627931298
"1296",2016-08-16,"Benchmark",-0.0551469668542841
"1297",2016-08-17,"Composite",0.143671050640378
"1298",2016-08-17,"Fund",0.0533575627931298
"1299",2016-08-17,"Benchmark",-0.055046904315197
"1300",2016-08-18,"Composite",0.14446143803188
"1301",2016-08-18,"Fund",0.0545783563074502
"1302",2016-08-18,"Benchmark",-0.0542338961851158
"1303",2016-08-19,"Composite",0.140800721470937
"1304",2016-08-19,"Fund",0.0533575627931298
"1305",2016-08-19,"Benchmark",-0.0542714196372733
"1306",2016-08-22,"Composite",0.144726644424417
"1307",2016-08-22,"Fund",0.0533575627931298
"1308",2016-08-22,"Benchmark",-0.0544590368980613
"1309",2016-08-23,"Composite",0.142983839247414
"1310",2016-08-23,"Fund",0.0545783563074502
"1311",2016-08-23,"Benchmark",-0.0531332082551595
"1312",2016-08-24,"Composite",0.142627382772583
"1313",2016-08-24,"Fund",0.0557992962174432
"1314",2016-08-24,"Benchmark",-0.0529706066291433
"1315",2016-08-25,"Composite",0.141125206466232
"1316",2016-08-25,"Fund",0.0557992962174432
"1317",2016-08-25,"Benchmark",-0.0533708567854909
"1318",2016-08-26,"Composite",0.134812865417611
"1319",2016-08-26,"Fund",0.0557992962174432
"1320",2016-08-26,"Benchmark",-0.0530081300813008
"1321",2016-08-30,"Composite",0.141049289303126
"1322",2016-08-30,"Fund",0.0570195041490729
"1323",2016-08-30,"Benchmark",-0.0521325828642903
"1324",2016-08-31,"Composite",0.142000637059862
"1325",2016-08-31,"Fund",0.0618012260052001
"1326",2016-08-31,"Benchmark",-0.0527704815509695
"1327",2016-09-01,"Composite",0.141280404290312
"1328",2016-09-01,"Fund",0.0605754550380093
"1329",2016-09-01,"Benchmark",-0.0534959349593497
"1330",2016-09-02,"Composite",0.135965343034694
"1331",2016-09-02,"Fund",0.0618012260052001
"1332",2016-09-02,"Benchmark",-0.0529831144465293
"1333",2016-09-06,"Composite",0.140163392363685
"1334",2016-09-06,"Fund",0.063027436159409
"1335",2016-09-06,"Benchmark",-0.051694809255785
"1336",2016-09-07,"Composite",0.139906006799619
"1337",2016-09-07,"Fund",0.063027436159409
"1338",2016-09-07,"Benchmark",-0.0510444027517198
"1339",2016-09-08,"Composite",0.131183732930141
"1340",2016-09-08,"Fund",0.0642536463136179
"1341",2016-09-08,"Benchmark",-0.0507191994996875
"1342",2016-09-09,"Composite",0.129397049452768
"1343",2016-09-09,"Fund",0.0605754550380093
"1344",2016-09-09,"Benchmark",-0.0545465916197624
"1345",2016-09-12,"Composite",0.132404317389833
"1346",2016-09-12,"Fund",0.0581230347295918
"1347",2016-09-12,"Benchmark",-0.0570606629143215
"1348",2016-09-13,"Composite",0.128648592244405
"1349",2016-09-13,"Fund",0.0544446970583106
"1350",2016-09-13,"Benchmark",-0.0601626016260164
"1351",2016-09-14,"Composite",0.133733695986586
"1352",2016-09-14,"Fund",0.0544446970583106
"1353",2016-09-14,"Benchmark",-0.0606003752345216
"1354",2016-09-15,"Composite",0.132068736760749
"1355",2016-09-15,"Fund",0.0532189260911198
"1356",2016-09-15,"Benchmark",-0.06057535959975
"1357",2016-09-16,"Composite",0.133839280852063
"1358",2016-09-16,"Fund",0.0519924231455657
"1359",2016-09-16,"Benchmark",-0.0617510944340212
"1360",2016-09-19,"Composite",0.133095093861907
"1361",2016-09-19,"Fund",0.0532189260911198
"1362",2016-09-19,"Benchmark",-0.0610381488430268
"1363",2016-09-20,"Composite",0.134279458221656
"1364",2016-09-20,"Fund",0.0532189260911198
"1365",2016-09-20,"Benchmark",-0.060750469043152
"1366",2016-09-21,"Composite",0.135771638077904
"1367",2016-09-21,"Fund",0.0544446970583106
"1368",2016-09-21,"Benchmark",-0.0595497185741088
"1369",2016-09-22,"Composite",0.133242525677712
"1370",2016-09-22,"Fund",0.0605754550380093
"1371",2016-09-22,"Benchmark",-0.0544965603502189
"1372",2016-09-23,"Composite",0.135471524936419
"1373",2016-09-23,"Fund",0.0618012260052001
"1374",2016-09-23,"Benchmark",-0.0544590368980613
"1375",2016-09-26,"Composite",0.139222080843203
"1376",2016-09-26,"Fund",0.0593492448838007
"1377",2016-09-26,"Benchmark",-0.0557598499061913
"1378",2016-09-27,"Composite",0.143280854851676
"1379",2016-09-27,"Fund",0.0581230347295918
"1380",2016-09-27,"Benchmark",-0.0562351469668543
"1381",2016-09-28,"Composite",0.141003364191605
"1382",2016-09-28,"Fund",0.0605754550380093
"1383",2016-09-28,"Benchmark",-0.0549093183239525
"1384",2016-09-29,"Composite",0.140719101412406
"1385",2016-09-29,"Fund",0.0618012260052001
"1386",2016-09-29,"Benchmark",-0.0529330831769856
"1387",2016-09-30,"Composite",0.135053282120454
"1388",2016-09-30,"Fund",0.0689441636656773
"1389",2016-09-30,"Benchmark",-0.0517698561601001
"1390",2016-10-03,"Composite",0.132450878923319
"1391",2016-10-03,"Fund",0.0689441636656773
"1392",2016-10-03,"Benchmark",-0.0512320200125079
"1393",2016-10-04,"Composite",0.126119684102429
"1394",2016-10-04,"Fund",0.0701754976684292
"1395",2016-10-04,"Benchmark",-0.0503314571607255
"1396",2016-10-05,"Composite",0.122569919190488
"1397",2016-10-05,"Fund",0.0714072708581992
"1398",2016-10-05,"Benchmark",-0.0492557848655411
"1399",2016-10-06,"Composite",0.120988715693761
"1400",2016-10-06,"Fund",0.0714072708581992
"1401",2016-10-06,"Benchmark",-0.0488805503439651
"1402",2016-10-07,"Composite",0.12227594280809
"1403",2016-10-07,"Fund",0.0714072708581992
"1404",2016-10-07,"Benchmark",-0.0487429643527206
"1405",2016-10-11,"Composite",0.122422257552455
"1406",2016-10-11,"Fund",0.0714072708581992
"1407",2016-10-11,"Benchmark",-0.0489681050656662
"1408",2016-10-12,"Composite",0.121451691006256
"1409",2016-10-12,"Fund",0.0701754976684292
"1410",2016-10-12,"Benchmark",-0.0494934333958725
"1411",2016-10-13,"Composite",0.126366900724983
"1412",2016-10-13,"Fund",0.0677123904759074
"1413",2016-10-13,"Benchmark",-0.0507066916823016
"1414",2016-10-14,"Composite",0.120449559958959
"1415",2016-10-14,"Fund",0.0701754976684292
"1416",2016-10-14,"Benchmark",-0.0491932457786117
"1417",2016-10-17,"Composite",0.124680818580556
"1418",2016-10-17,"Fund",0.0701754976684292
"1419",2016-10-17,"Benchmark",-0.0491432145090682
"1420",2016-10-18,"Composite",0.124763555419535
"1421",2016-10-18,"Fund",0.0726383120696059
"1422",2016-10-18,"Benchmark",-0.047204502814259
"1423",2016-10-19,"Composite",0.12361793709546
"1424",2016-10-19,"Fund",0.0751015656578002
"1425",2016-10-19,"Benchmark",-0.0452532833020638
"1426",2016-10-20,"Composite",0.122962515725547
"1427",2016-10-20,"Fund",0.0763330460562248
"1428",2016-10-20,"Benchmark",-0.0442026266416511
"1429",2016-10-24,"Composite",0.121200407215658
"1430",2016-10-24,"Fund",0.0775646728503221
"1431",2016-10-24,"Benchmark",-0.0439399624765479
"1432",2016-10-25,"Composite",0.121653919673393
"1433",2016-10-25,"Fund",0.0775646728503221
"1434",2016-10-25,"Benchmark",-0.0440525328330208
"1435",2016-10-26,"Composite",0.120379376679113
"1436",2016-10-26,"Fund",0.0738700852593757
"1437",2016-10-26,"Benchmark",-0.0464915572232646
"1438",2016-10-27,"Composite",0.116899776172214
"1439",2016-10-27,"Fund",0.0701754976684292
"1440",2016-10-27,"Benchmark",-0.0485803627267042
"1441",2016-10-28,"Composite",0.117984654372018
"1442",2016-10-28,"Fund",0.0664810564731555
"1443",2016-10-28,"Benchmark",-0.0506816760475298
"1444",2016-10-31,"Composite",0.12099689525395
"1445",2016-10-31,"Fund",0.0675943955637426
"1446",2016-10-31,"Benchmark",-0.0538711694809257
"1447",2016-11-01,"Composite",0.125150123541739
"1448",2016-11-01,"Fund",0.0626462218277997
"1449",2016-11-01,"Benchmark",-0.057848655409631
"1450",2016-11-02,"Composite",0.128271872526146
"1451",2016-11-02,"Fund",0.0589349451301697
"1452",2016-11-02,"Benchmark",-0.0611507191994997
"1453",2016-11-03,"Composite",0.126355593951173
"1454",2016-11-03,"Fund",0.0601721349598281
"1455",2016-11-03,"Benchmark",-0.0612757973733584
"1456",2016-11-04,"Composite",0.130157568047167
"1457",2016-11-04,"Fund",0.0564608582621984
"1458",2016-11-04,"Benchmark",-0.0624515322076297
"1459",2016-11-07,"Composite",0.123836061038972
"1460",2016-11-07,"Fund",0.0626462218277997
"1461",2016-11-07,"Benchmark",-0.0579111944965603
"1462",2016-11-08,"Composite",0.119340724725022
"1463",2016-11-08,"Fund",0.0626462218277997
"1464",2016-11-08,"Benchmark",-0.058424015009381
"1465",2016-11-09,"Composite",0.102210450505081
"1466",2016-11-09,"Fund",0.0589349451301697
"1467",2016-11-09,"Benchmark",-0.0610881801125704
"1468",2016-11-10,"Composite",0.100155131770655
"1469",2016-11-10,"Fund",0.0564608582621984
"1470",2016-11-10,"Benchmark",-0.0639149468417761
"1471",2016-11-14,"Composite",0.100335075885768
"1472",2016-11-14,"Fund",0.0465642179989674
"1473",2016-11-14,"Benchmark",-0.073183239524703
"1474",2016-11-15,"Composite",0.0952789803380087
"1475",2016-11-15,"Fund",0.052749435168896
"1476",2016-11-15,"Benchmark",-0.0684427767354597
"1477",2016-11-16,"Composite",0.0976144891813095
"1478",2016-11-16,"Fund",0.0539869177898995
"1479",2016-11-16,"Benchmark",-0.0681926203877424
"1480",2016-11-17,"Composite",0.0918826344396524
"1481",2016-11-17,"Fund",0.0564608582621984
"1482",2016-11-17,"Benchmark",-0.0667917448405254
"1483",2016-11-18,"Composite",0.0895792800159172
"1484",2016-11-18,"Fund",0.0539869177898995
"1485",2016-11-18,"Benchmark",-0.068330206378987
"1486",2016-11-21,"Composite",0.087294718963085
"1487",2016-11-21,"Fund",0.05522366843254
"1488",2016-11-21,"Benchmark",-0.0670419011882428
"1489",2016-11-22,"Composite",0.0869285897361138
"1490",2016-11-22,"Fund",0.0576980480918567
"1491",2016-11-22,"Benchmark",-0.0640775484677926
"1492",2016-11-23,"Composite",0.0837357890246444
"1493",2016-11-23,"Fund",0.0576980480918567
"1494",2016-11-23,"Benchmark",-0.0639899937460913
"1495",2016-11-25,"Composite",0.0827921043975415
"1496",2016-11-25,"Fund",0.0576980480918567
"1497",2016-11-25,"Benchmark",-0.0640650406504065
"1498",2016-11-28,"Composite",0.087162836578776
"1499",2016-11-28,"Fund",0.0589349451301697
"1500",2016-11-28,"Benchmark",-0.0632395247029395
"1501",2016-11-29,"Composite",0.0890699826262493
"1502",2016-11-29,"Fund",0.0576980480918567
"1503",2016-11-29,"Benchmark",-0.0639524702939338
"1504",2016-11-30,"Composite",0.0827752087505949
"1505",2016-11-30,"Fund",0.0636622077960671
"1506",2016-11-30,"Benchmark",-0.0626641651031895
"1507",2016-12-01,"Composite",0.0764726551426194
"1508",2016-12-01,"Fund",0.0636622077960671
"1509",2016-12-01,"Benchmark",-0.0627392120075049
"1510",2016-12-02,"Composite",0.080281661907466
"1511",2016-12-02,"Fund",0.0649048142656141
"1512",2016-12-02,"Benchmark",-0.0622889305816136
"1513",2016-12-05,"Composite",0.0782686362020142
"1514",2016-12-05,"Fund",0.0661472743394882
"1515",2016-12-05,"Benchmark",-0.0606003752345216
"1516",2016-12-06,"Composite",0.0751277036211648
"1517",2016-12-06,"Fund",0.0711179930090209
"1518",2016-12-06,"Benchmark",-0.057848655409631
"1519",2016-12-07,"Composite",0.076108844826551
"1520",2016-12-07,"Fund",0.076088126095863
"1521",2016-12-07,"Benchmark",-0.0541213258286429
"1522",2016-12-08,"Composite",0.072643466103443
"1523",2016-12-08,"Fund",0.0773308789610827
"1524",2016-12-08,"Benchmark",-0.052883051907442
"1525",2016-12-09,"Composite",0.0657563413763573
"1526",2016-12-09,"Fund",0.0785737782219746
"1527",2016-12-09,"Benchmark",-0.051394621638524
"1528",2016-12-12,"Composite",0.0642485426518067
"1529",2016-12-12,"Fund",0.0798160919001762
"1530",2016-12-12,"Benchmark",-0.0503439649781113
"1531",2016-12-13,"Composite",0.0620109846094572
"1532",2016-12-13,"Fund",0.081058698369723
"1533",2016-12-13,"Benchmark",-0.04916823014384
"1534",2016-12-14,"Composite",0.0581595729141402
"1535",2016-12-14,"Fund",0.081058698369723
"1536",2016-12-14,"Benchmark",-0.0493433395872421
"1537",2016-12-15,"Composite",0.0591531478571483
"1538",2016-12-15,"Fund",0.0773308789610827
"1539",2016-12-15,"Benchmark",-0.0533333333333333
"1540",2016-12-16,"Composite",0.0569991566671186
"1541",2016-12-16,"Fund",0.0785737782219746
"1542",2016-12-16,"Benchmark",-0.0538336460287681
"1543",2016-12-19,"Composite",0.061766851369913
"1544",2016-12-19,"Fund",0.0785737782219746
"1545",2016-12-19,"Benchmark",-0.0533583489681051
"1546",2016-12-20,"Composite",0.0597070607721182
"1547",2016-12-20,"Fund",0.0785737782219746
"1548",2016-12-20,"Benchmark",-0.0530206378986867
"1549",2016-12-21,"Composite",0.0612453062725651
"1550",2016-12-21,"Fund",0.0798160919001762
"1551",2016-12-21,"Benchmark",-0.0522076297686055
"1552",2016-12-22,"Composite",0.0604550661080876
"1553",2016-12-22,"Fund",0.081058698369723
"1554",2016-12-22,"Benchmark",-0.0516322701688556
"1555",2016-12-23,"Composite",0.0612874213144736
"1556",2016-12-23,"Fund",0.0823008656522519
"1557",2016-12-23,"Benchmark",-0.0509943714821764
"1558",2016-12-28,"Composite",0.0630679494698199
"1559",2016-12-28,"Fund",0.081058698369723
"1560",2016-12-28,"Benchmark",-0.0499186991869919
"1561",2016-12-29,"Composite",0.0649538543604973
"1562",2016-12-29,"Fund",0.0823008656522519
"1563",2016-12-29,"Benchmark",-0.0495434646654159
"1564",2016-12-30,"Composite",0.0669033007394919
"1565",2016-12-30,"Fund",0.088675518822604
"1566",2016-12-30,"Benchmark",-0.0493058161350847
"1567",2017-01-03,"Composite",0.065651585737341
"1568",2017-01-03,"Fund",0.091175664120309
"1569",2017-01-03,"Benchmark",-0.0472545340838025
"1570",2017-01-04,"Composite",0.0626287035848307
"1571",2017-01-04,"Fund",0.0961753691330287
"1572",2017-01-04,"Benchmark",-0.0439399624765479
"1573",2017-01-05,"Composite",0.0676507647681237
"1574",2017-01-05,"Fund",0.0986750752437158
"1575",2017-01-05,"Benchmark",-0.0419262038774235
"1576",2017-01-06,"Composite",0.0629845561897424
"1577",2017-01-06,"Fund",0.0999250014968958
"1578",2017-01-06,"Benchmark",-0.0414884302689182
"1579",2017-01-09,"Composite",0.0675568099291588
"1580",2017-01-09,"Fund",0.0986750752437158
"1581",2017-01-09,"Benchmark",-0.0415634771732335
"1582",2017-01-10,"Composite",0.0667658330829446
"1583",2017-01-10,"Fund",0.0999250014968958
"1584",2017-01-10,"Benchmark",-0.0407004377736085
"1585",2017-01-11,"Composite",0.06889457162143
"1586",2017-01-11,"Fund",0.0986750752437158
"1587",2017-01-11,"Benchmark",-0.0413383364602879
"1588",2017-01-12,"Composite",0.0680675456131572
"1589",2017-01-12,"Fund",0.0974250025948633
"1590",2017-01-12,"Benchmark",-0.0417761100687931
"1591",2017-01-13,"Composite",0.0653430137982198
"1592",2017-01-13,"Fund",0.0986750752437158
"1593",2017-01-13,"Benchmark",-0.0412883051907443
"1594",2017-01-17,"Composite",0.0695447396650029
"1595",2017-01-17,"Fund",0.0986750752437158
"1596",2017-01-17,"Benchmark",-0.0414634146341463
"1597",2017-01-18,"Composite",0.0645010521663594
"1598",2017-01-18,"Fund",0.0974250025948633
"1599",2017-01-18,"Benchmark",-0.0420137585991244
"1600",2017-01-19,"Composite",0.0604075839878955
"1601",2017-01-19,"Fund",0.0961753691330287
"1602",2017-01-19,"Benchmark",-0.0430143839899938
"1603",2017-01-20,"Composite",0.0600389986604009
"1604",2017-01-20,"Fund",0.0961753691330287
"1605",2017-01-20,"Benchmark",-0.043727329580988
"1606",2017-01-23,"Composite",0.0654724980337642
"1607",2017-01-23,"Fund",0.0961753691330287
"1608",2017-01-23,"Benchmark",-0.0443277048155097
"1609",2017-01-24,"Composite",0.0584521207807402
"1610",2017-01-24,"Fund",0.0974250025948633
"1611",2017-01-24,"Benchmark",-0.043464665415885
"1612",2017-01-25,"Composite",0.0525721732323483
"1613",2017-01-25,"Fund",0.0999250014968958
"1614",2017-01-25,"Benchmark",-0.0414759224515322
"1615",2017-01-26,"Composite",0.0544544723068239
"1616",2017-01-26,"Fund",0.0999250014968958
"1617",2017-01-26,"Benchmark",-0.0408130081300814
"1618",2017-01-27,"Composite",0.0561195087866928
"1619",2017-01-27,"Fund",0.101175074145748
"1620",2017-01-27,"Benchmark",-0.0401876172607881
"1621",2017-01-30,"Composite",0.0574008194503191
"1622",2017-01-30,"Fund",0.101175074145748
"1623",2017-01-30,"Benchmark",-0.0412132582864292
"1624",2017-01-31,"Composite",0.0592894796152534
"1625",2017-01-31,"Fund",0.104816080920501
"1626",2017-01-31,"Benchmark",-0.0415259537210758
"1627",2017-02-01,"Composite",0.0562463769616099
"1628",2017-02-01,"Fund",0.106071131022224
"1629",2017-02-01,"Benchmark",-0.0405503439649781
"1630",2017-02-02,"Composite",0.0561181327725448
"1631",2017-02-02,"Fund",0.106071131022224
"1632",2017-02-02,"Benchmark",-0.0398123827392122
"1633",2017-02-03,"Composite",0.0526330828989598
"1634",2017-02-03,"Fund",0.107326620310965
"1635",2017-02-03,"Benchmark",-0.0377611006879301
"1636",2017-02-06,"Composite",0.059872168992722
"1637",2017-02-06,"Fund",0.108582109599706
"1638",2017-02-06,"Benchmark",-0.037385866166354
"1639",2017-02-07,"Composite",0.0618498282493671
"1640",2017-02-07,"Fund",0.108582109599706
"1641",2017-02-07,"Benchmark",-0.0372607879924954
"1642",2017-02-08,"Composite",0.0658750445679996
"1643",2017-02-08,"Fund",0.107326620310965
"1644",2017-02-08,"Benchmark",-0.0384490306441525
"1645",2017-02-09,"Composite",0.0606525846967185
"1646",2017-02-09,"Fund",0.107326620310965
"1647",2017-02-09,"Benchmark",-0.0385365853658538
"1648",2017-02-10,"Composite",0.0586853853052911
"1649",2017-02-10,"Fund",0.107326620310965
"1650",2017-02-10,"Benchmark",-0.0379737335834898
"1651",2017-02-13,"Composite",0.0556530556723673
"1652",2017-02-13,"Fund",0.108582109599706
"1653",2017-02-13,"Benchmark",-0.0373108192620388
"1654",2017-02-14,"Composite",0.0523653783325968
"1655",2017-02-14,"Fund",0.108582109599706
"1656",2017-02-14,"Benchmark",-0.037010631644778
"1657",2017-02-15,"Composite",0.0490578484459108
"1658",2017-02-15,"Fund",0.111093234572861
"1659",2017-02-15,"Benchmark",-0.0366604127579737
"1660",2017-02-16,"Composite",0.0536443751670104
"1661",2017-02-16,"Fund",0.111093234572861
"1662",2017-02-16,"Benchmark",-0.03682301438399
"1663",2017-02-17,"Composite",0.0567794032430042
"1664",2017-02-17,"Fund",0.109837598888447
"1665",2017-02-17,"Benchmark",-0.0372607879924954
"1666",2017-02-21,"Composite",0.0559541772834764
"1667",2017-02-21,"Fund",0.113604213150343
"1668",2017-02-21,"Benchmark",-0.0354846779237024
"1669",2017-02-22,"Composite",0.0557365288288914
"1670",2017-02-22,"Fund",0.116115045332152
"1671",2017-02-22,"Benchmark",-0.0342839274546591
"1672",2017-02-23,"Composite",0.0567615132302473
"1673",2017-02-23,"Fund",0.11737038822522
"1674",2017-02-23,"Benchmark",-0.0329205753595999
"1675",2017-02-24,"Composite",0.0641829615041549
"1676",2017-02-24,"Fund",0.11737038822522
"1677",2017-02-24,"Benchmark",-0.0329831144465291
"1678",2017-02-27,"Composite",0.0592719409226938
"1679",2017-02-27,"Fund",0.118626023909634
"1680",2017-02-27,"Benchmark",-0.0319949968730459
"1681",2017-02-28,"Composite",0.0593027918571372
"1682",2017-02-28,"Fund",0.122911171644095
"1683",2017-02-28,"Benchmark",-0.0316322701688556
"1684",2017-03-01,"Composite",0.0477276037298104
"1685",2017-03-01,"Fund",0.126691693494894
"1686",2017-03-01,"Benchmark",-0.0293058161350847
"1687",2017-03-02,"Composite",0.0459311930721249
"1688",2017-03-02,"Fund",0.125431373148955
"1689",2017-03-02,"Benchmark",-0.0299186991869919
"1690",2017-03-03,"Composite",0.0467875602432701
"1691",2017-03-03,"Fund",0.124171199198689
"1692",2017-03-03,"Benchmark",-0.0314196372732959
"1693",2017-03-06,"Composite",0.0475266592786503
"1694",2017-03-06,"Fund",0.121650704902484
"1695",2017-03-06,"Benchmark",-0.03364602876798
"1696",2017-03-07,"Composite",0.0471161112072629
"1697",2017-03-07,"Fund",0.117870036656012
"1698",2017-03-07,"Benchmark",-0.0367229518449033
"1699",2017-03-08,"Composite",0.046348541187865
"1700",2017-03-08,"Fund",0.114088929222523
"1701",2017-03-08,"Benchmark",-0.0402001250781738
"1702",2017-03-09,"Composite",0.0455241969564411
"1703",2017-03-09,"Fund",0.109048087025786
"1704",2017-03-09,"Benchmark",-0.0447654784240151
"1705",2017-03-10,"Composite",0.0456743848445182
"1706",2017-03-10,"Fund",0.110308114580379
"1707",2017-03-10,"Benchmark",-0.0444527829893685
"1708",2017-03-13,"Composite",0.0439480764055475
"1709",2017-03-13,"Fund",0.107787620284174
"1710",2017-03-13,"Benchmark",-0.0470544090056286
"1711",2017-03-14,"Composite",0.0482793412797919
"1712",2017-03-14,"Fund",0.101486164950153
"1713",2017-03-14,"Benchmark",-0.0511444652908069
"1714",2017-03-15,"Composite",0.054570243909666
"1715",2017-03-15,"Fund",0.106527153542563
"1716",2017-03-15,"Benchmark",-0.0475046904315197
"1717",2017-03-16,"Composite",0.0483839146349192
"1718",2017-03-16,"Fund",0.112828755272257
"1719",2017-03-16,"Benchmark",-0.0431769856160101
"1720",2017-03-17,"Composite",0.0494868272014939
"1721",2017-03-17,"Fund",0.111568288530645
"1722",2017-03-17,"Benchmark",-0.0434896810506568
"1723",2017-03-20,"Composite",0.0522481677860653
"1724",2017-03-20,"Fund",0.109048087025786
"1725",2017-03-20,"Benchmark",-0.0447279549718577
"1726",2017-03-21,"Composite",0.0557733847257738
"1727",2017-03-21,"Fund",0.109048087025786
"1728",2017-03-21,"Benchmark",-0.0463414634146343
"1729",2017-03-22,"Composite",0.0613623700014612
"1730",2017-03-22,"Fund",0.105267125987969
"1731",2017-03-22,"Benchmark",-0.0494934333958725
"1732",2017-03-23,"Composite",0.0590680752615595
"1733",2017-03-23,"Fund",0.106527153542563
"1734",2017-03-23,"Benchmark",-0.0481425891181989
"1735",2017-03-24,"Composite",0.0600767911344455
"1736",2017-03-24,"Fund",0.109048087025786
"1737",2017-03-24,"Benchmark",-0.046641651031895
"1738",2017-03-27,"Composite",0.0618124952148886
"1739",2017-03-27,"Fund",0.107787620284174
"1740",2017-03-27,"Benchmark",-0.047967479674797
"1741",2017-03-28,"Composite",0.0576997379322566
"1742",2017-03-28,"Fund",0.111568288530645
"1743",2017-03-28,"Benchmark",-0.045528455284553
"1744",2017-03-29,"Composite",0.0596390591522229
"1745",2017-03-29,"Fund",0.114088929222523
"1746",2017-03-29,"Benchmark",-0.0422013758599125
"1747",2017-03-30,"Composite",0.0553648435573724
"1748",2017-03-30,"Fund",0.117870036656012
"1749",2017-03-30,"Benchmark",-0.0395747342088806
"1750",2017-03-31,"Composite",0.0576524064640453
"1751",2017-03-31,"Fund",0.124072674910988
"1752",2017-03-31,"Benchmark",-0.0387116948092558
"1753",2017-04-03,"Composite",0.0628287117379984
"1754",2017-04-03,"Fund",0.124072674910988
"1755",2017-04-03,"Benchmark",-0.0389493433395874
"1756",2017-04-04,"Composite",0.0623680328460383
"1757",2017-04-04,"Fund",0.124072674910988
"1758",2017-04-04,"Benchmark",-0.0392370231394623
"1759",2017-04-05,"Composite",0.060387296089887
"1760",2017-04-05,"Fund",0.125338411896815
"1761",2017-04-05,"Benchmark",-0.0374609130706692
"1762",2017-04-06,"Composite",0.0613653107998882
"1763",2017-04-06,"Fund",0.125338411896815
"1764",2017-04-06,"Benchmark",-0.0376985616010007
"1765",2017-04-07,"Composite",0.0586914613274723
"1766",2017-04-07,"Fund",0.125338411896815
"1767",2017-04-07,"Benchmark",-0.037123202001251
"1768",2017-04-10,"Composite",0.0594817907043519
"1769",2017-04-10,"Fund",0.126604148882642
"1770",2017-04-10,"Benchmark",-0.0367604752970609
"1771",2017-04-11,"Composite",0.0649600981070504
"1772",2017-04-11,"Fund",0.125338411896815
"1773",2017-04-11,"Benchmark",-0.0372858036272671
"1774",2017-04-12,"Composite",0.0654596745591576
"1775",2017-04-12,"Fund",0.125338411896815
"1776",2017-04-12,"Benchmark",-0.0379612257661039
"1777",2017-04-13,"Composite",0.0707313021416585
"1778",2017-04-13,"Fund",0.125338411896815
"1779",2017-04-13,"Benchmark",-0.0382864290181365
"1780",2017-04-18,"Composite",0.0751994510881564
"1781",2017-04-18,"Fund",0.122806791529488
"1782",2017-04-18,"Benchmark",-0.0393746091307068
"1783",2017-04-19,"Composite",0.072811176209955
"1784",2017-04-19,"Fund",0.124072674910988
"1785",2017-04-19,"Benchmark",-0.0383864915572234
"1786",2017-04-20,"Composite",0.0686222764322777
"1787",2017-04-20,"Fund",0.124072674910988
"1788",2017-04-20,"Benchmark",-0.0383364602876799
"1789",2017-04-21,"Composite",0.0695170547369584
"1790",2017-04-21,"Fund",0.125338411896815
"1791",2017-04-21,"Benchmark",-0.0378861788617886
"1792",2017-04-24,"Composite",0.06200019943824
"1793",2017-04-24,"Fund",0.127870325055488
"1794",2017-04-24,"Benchmark",-0.0359224515322077
"1795",2017-04-25,"Composite",0.0551903787910242
"1796",2017-04-25,"Fund",0.12913576924997
"1797",2017-04-25,"Benchmark",-0.0347217010631645
"1798",2017-04-26,"Composite",0.0559137459522854
"1799",2017-04-26,"Fund",0.130401506235797
"1800",2017-04-26,"Benchmark",-0.0337210756722952
"1801",2017-04-27,"Composite",0.0570860278496379
"1802",2017-04-27,"Fund",0.130401506235797
"1803",2017-04-27,"Benchmark",-0.0337711069418387
"1804",2017-04-28,"Composite",0.0568573705654329
"1805",2017-04-28,"Fund",0.136375767241421
"1806",2017-04-28,"Benchmark",-0.0328705440900563
"1807",2017-05-02,"Composite",0.0543924926606765
"1808",2017-05-02,"Fund",0.138918074492852
"1809",2017-05-02,"Benchmark",-0.0322076297686055
"1810",2017-05-03,"Composite",0.0538748214885145
"1811",2017-05-03,"Fund",0.137647213658482
"1812",2017-05-03,"Benchmark",-0.0323076923076923
"1813",2017-05-04,"Composite",0.0505994034053081
"1814",2017-05-04,"Fund",0.13510490640705
"1815",2017-05-04,"Benchmark",-0.0347217010631645
"1816",2017-05-05,"Composite",0.0505844015797698
"1817",2017-05-05,"Fund",0.13510490640705
"1818",2017-05-05,"Benchmark",-0.035434646654159
"1819",2017-05-08,"Composite",0.0489013990408995
"1820",2017-05-08,"Fund",0.13510490640705
"1821",2017-05-08,"Benchmark",-0.0353846153846156
"1822",2017-05-09,"Composite",0.0456428290741644
"1823",2017-05-09,"Fund",0.137647213658482
"1824",2017-05-09,"Benchmark",-0.0345841150719201
"1825",2017-05-10,"Composite",0.0445364099312389
"1826",2017-05-10,"Fund",0.137647213658482
"1827",2017-05-10,"Benchmark",-0.0339837398373984
"1828",2017-05-11,"Composite",0.0455087929818778
"1829",2017-05-11,"Fund",0.138918074492852
"1830",2017-05-11,"Benchmark",-0.0334333958724203
"1831",2017-05-12,"Composite",0.050058489475117
"1832",2017-05-12,"Fund",0.138918074492852
"1833",2017-05-12,"Benchmark",-0.0332332707942463
"1834",2017-05-15,"Composite",0.0480459574130609
"1835",2017-05-15,"Fund",0.140189374514241
"1836",2017-05-15,"Benchmark",-0.0321075672295186
"1837",2017-05-16,"Composite",0.047548074056788
"1838",2017-05-16,"Fund",0.141460381744284
"1839",2017-05-16,"Benchmark",-0.0314821763602252
"1840",2017-05-17,"Composite",0.0578122528269476
"1841",2017-05-17,"Fund",0.138918074492852
"1842",2017-05-17,"Benchmark",-0.0327454659161975
"1843",2017-05-18,"Composite",0.0590366681202938
"1844",2017-05-18,"Fund",0.137647213658482
"1845",2017-05-18,"Benchmark",-0.0338711694809255
"1846",2017-05-19,"Composite",0.0559874012184831
"1847",2017-05-19,"Fund",0.141460381744284
"1848",2017-05-19,"Benchmark",-0.0317323327079426
"1849",2017-05-22,"Composite",0.0544835688429373
"1850",2017-05-22,"Fund",0.141460381744284
"1851",2017-05-22,"Benchmark",-0.0308192620387743
"1852",2017-05-23,"Composite",0.051478788346377
"1853",2017-05-23,"Fund",0.141460381744284
"1854",2017-05-23,"Benchmark",-0.0300687929956222
"1855",2017-05-24,"Composite",0.0526241770522264
"1856",2017-05-24,"Fund",0.141460381744284
"1857",2017-05-24,"Benchmark",-0.0297936210131334
"1858",2017-05-25,"Composite",0.0531520339651472
"1859",2017-05-25,"Fund",0.141460381744284
"1860",2017-05-25,"Benchmark",-0.0293683552220139
"1861",2017-05-26,"Composite",0.0543688874353114
"1862",2017-05-26,"Fund",0.141460381744284
"1863",2017-05-26,"Benchmark",-0.0297060662914321
"1864",2017-05-30,"Composite",0.0570485261764739
"1865",2017-05-30,"Fund",0.14273153537
"1866",2017-05-30,"Benchmark",-0.0293433395872421
"1867",2017-05-31,"Composite",0.0583412202650249
"1868",2017-05-31,"Fund",0.147582063192278
"1869",2017-05-31,"Benchmark",-0.0293433395872421
"1870",2017-06-01,"Composite",0.0561510419942
"1871",2017-06-01,"Fund",0.148858926249227
"1872",2017-06-01,"Benchmark",-0.0284052532833021
"1873",2017-06-02,"Composite",0.0601743343255092
"1874",2017-06-02,"Fund",0.148858926249227
"1875",2017-06-02,"Benchmark",-0.0275922451532208
"1876",2017-06-05,"Composite",0.0579965997576974
"1877",2017-06-05,"Fund",0.148858926249227
"1878",2017-06-05,"Benchmark",-0.0276422764227644
"1879",2017-06-06,"Composite",0.0615426509821451
"1880",2017-06-06,"Fund",0.148858926249227
"1881",2017-06-06,"Benchmark",-0.0279174484052533
"1882",2017-06-07,"Composite",0.0596597920838986
"1883",2017-06-07,"Fund",0.147582063192278
"1884",2017-06-07,"Benchmark",-0.0290181363352098
"1885",2017-06-08,"Composite",0.0589637636351115
"1886",2017-06-08,"Fund",0.14502950824376
"1887",2017-06-08,"Benchmark",-0.0301313320825517
"1888",2017-06-09,"Composite",0.0594262343636223
"1889",2017-06-09,"Fund",0.14502950824376
"1890",2017-06-09,"Benchmark",-0.0296685428392747
"1891",2017-06-12,"Composite",0.0591430855583974
"1892",2017-06-12,"Fund",0.14502950824376
"1893",2017-06-12,"Benchmark",-0.0294058786741714
"1894",2017-06-13,"Composite",0.058314340145269
"1895",2017-06-13,"Fund",0.146305932113691
"1896",2017-06-13,"Benchmark",-0.0284552845528457
"1897",2017-06-14,"Composite",0.0639460975550425
"1898",2017-06-14,"Fund",0.146305932113691
"1899",2017-06-14,"Benchmark",-0.0282301438399
"1900",2017-06-15,"Composite",0.0646456856210438
"1901",2017-06-15,"Fund",0.143752937978156
"1902",2017-06-15,"Benchmark",-0.0296560350218887
"1903",2017-06-16,"Composite",0.0645870204645815
"1904",2017-06-16,"Fund",0.142476074921206
"1905",2017-06-16,"Benchmark",-0.0305315822388994
"1906",2017-06-19,"Composite",0.0621360746743234
"1907",2017-06-19,"Fund",0.143752937978156
"1908",2017-06-19,"Benchmark",-0.0301188242651658
"1909",2017-06-20,"Composite",0.0691401677688119
"1910",2017-06-20,"Fund",0.139923666368361
"1911",2017-06-20,"Benchmark",-0.0324577861163227
"1912",2017-06-21,"Composite",0.070783902283025
"1913",2017-06-21,"Fund",0.134817238910272
"1914",2017-06-21,"Benchmark",-0.0349718574108819
"1915",2017-06-22,"Composite",0.0714051177229271
"1916",2017-06-22,"Fund",0.134817238910272
"1917",2017-06-22,"Benchmark",-0.035534709193246
"1918",2017-06-23,"Composite",0.0710805383726689
"1919",2017-06-23,"Fund",0.136093662780203
"1920",2017-06-23,"Benchmark",-0.0350218886804253
"1921",2017-06-26,"Composite",0.0710347129178539
"1922",2017-06-26,"Fund",0.137370233045807
"1923",2017-06-26,"Benchmark",-0.0340587867417136
"1924",2017-06-27,"Composite",0.0650912814302889
"1925",2017-06-27,"Fund",0.138646949707084
"1926",2017-06-27,"Benchmark",-0.033470919324578
"1927",2017-06-28,"Composite",0.0628048682474025
"1928",2017-06-28,"Fund",0.138646949707084
"1929",2017-06-28,"Benchmark",-0.0333958724202628
"1930",2017-06-29,"Composite",0.0590710102190628
"1931",2017-06-29,"Fund",0.138646949707084
"1932",2017-06-29,"Benchmark",-0.0334834271419638
"1933",2017-06-30,"Composite",0.0567569216510506
"1934",2017-06-30,"Fund",0.143261048518015
"1935",2017-06-30,"Benchmark",-0.0333208255159476
"1936",2017-07-03,"Composite",0.0531019362528358
"1937",2017-07-03,"Fund",0.144543035423507
"1938",2017-07-03,"Benchmark",-0.0331707317073172
"1939",2017-07-05,"Composite",0.0548616972020803
"1940",2017-07-05,"Fund",0.144543035423507
"1941",2017-07-05,"Benchmark",-0.0334333958724203
"1942",2017-07-06,"Composite",0.0526351196772263
"1943",2017-07-06,"Fund",0.141979061612522
"1944",2017-07-06,"Benchmark",-0.0350844277673548
"1945",2017-07-07,"Composite",0.0520528998589727
"1946",2017-07-07,"Fund",0.139415673384227
"1947",2017-07-07,"Benchmark",-0.0371982489055661
"1948",2017-07-10,"Composite",0.0533433872374174
"1949",2017-07-10,"Fund",0.139415673384227
"1950",2017-07-10,"Benchmark",-0.0370981863664792
"1951",2017-07-11,"Composite",0.0544000636264723
"1952",2017-07-11,"Fund",0.140697367498374
"1953",2017-07-11,"Benchmark",-0.0369981238273922
"1954",2017-07-12,"Composite",0.05513832954702
"1955",2017-07-12,"Fund",0.143261048518015
"1956",2017-07-12,"Benchmark",-0.0346341463414634
"1957",2017-07-13,"Composite",0.0524868405457717
"1958",2017-07-13,"Fund",0.145824290350637
"1959",2017-07-13,"Benchmark",-0.0340587867417136
"1960",2017-07-14,"Composite",0.0524502009642107
"1961",2017-07-14,"Fund",0.147105691673439
"1962",2017-07-14,"Benchmark",-0.0324953095684803
"1963",2017-07-17,"Composite",0.0525297844204862
"1964",2017-07-17,"Fund",0.149669665484424
"1965",2017-07-17,"Benchmark",-0.0308943089430894
"1966",2017-07-18,"Composite",0.0554488189933371
"1967",2017-07-18,"Fund",0.150951066807226
"1968",2017-07-18,"Benchmark",-0.0299186991869919
"1969",2017-07-19,"Composite",0.0548931055052218
"1970",2017-07-19,"Fund",0.152232321734355
"1971",2017-07-19,"Benchmark",-0.0285553470919325
"1972",2017-07-20,"Composite",0.0542315767654087
"1973",2017-07-20,"Fund",0.153514455035521
"1974",2017-07-20,"Benchmark",-0.0275171982489056
"1975",2017-07-21,"Composite",0.0571482722240433
"1976",2017-07-21,"Fund",0.153514455035521
"1977",2017-07-21,"Benchmark",-0.0279049405878674
"1978",2017-07-24,"Composite",0.0559236465758113
"1979",2017-07-24,"Fund",0.153514455035521
"1980",2017-07-24,"Benchmark",-0.0280050031269544
"1981",2017-07-25,"Composite",0.0482103634503512
"1982",2017-07-25,"Fund",0.153514455035521
"1983",2017-07-25,"Benchmark",-0.0273921200750469
"1984",2017-07-26,"Composite",0.0508510140455429
"1985",2017-07-26,"Fund",0.154796002753995
"1986",2017-07-26,"Benchmark",-0.0265540963101941
"1987",2017-07-27,"Composite",0.0482198865732861
"1988",2017-07-27,"Fund",0.154796002753995
"1989",2017-07-27,"Benchmark",-0.0267917448405254
"1990",2017-07-28,"Composite",0.0506122929209727
"1991",2017-07-28,"Fund",0.154796002753995
"1992",2017-07-28,"Benchmark",-0.0268167604752971
"1993",2017-07-31,"Composite",0.0496014458851632
"1994",2017-07-31,"Fund",0.158399385840874
"1995",2017-07-31,"Benchmark",-0.0271794871794871
"1996",2017-08-01,"Composite",0.0525328186868486
"1997",2017-08-01,"Fund",0.159687521364619
"1998",2017-08-01,"Benchmark",-0.0263789868667917
"1999",2017-08-02,"Composite",0.0513994990158002
"2000",2017-08-02,"Fund",0.159687521364619
"2001",2017-08-02,"Benchmark",-0.0264790494058788
"2002",2017-08-03,"Composite",0.0539718830940576
"2003",2017-08-03,"Fund",0.158399385840874
"2004",2017-08-03,"Benchmark",-0.0270919324577861
"2005",2017-08-04,"Composite",0.0516221391015508
"2006",2017-08-04,"Fund",0.157113007065201
"2007",2017-08-04,"Benchmark",-0.0275672295184493
"2008",2017-08-07,"Composite",0.0519832897074428
"2009",2017-08-07,"Fund",0.157113007065201
"2010",2017-08-07,"Benchmark",-0.0278924327704817
"2011",2017-08-08,"Composite",0.0506526759206696
"2012",2017-08-08,"Fund",0.155825896311166
"2013",2017-08-08,"Benchmark",-0.0287054409005629
"2014",2017-08-09,"Composite",0.0571840531209467
"2015",2017-08-09,"Fund",0.151964417653386
"2016",2017-08-09,"Benchmark",-0.0323702313946218
"2017",2017-08-10,"Composite",0.0624726766083583
"2018",2017-08-10,"Fund",0.148103085391278
"2019",2017-08-10,"Benchmark",-0.0353470919324579
"2020",2017-08-11,"Composite",0.0657969382956971
"2021",2017-08-11,"Fund",0.14681582824157
"2022",2017-08-11,"Benchmark",-0.0363852407754848
"2023",2017-08-14,"Composite",0.0618692415922137
"2024",2017-08-14,"Fund",0.149390342540987
"2025",2017-08-14,"Benchmark",-0.0348217636022515
"2026",2017-08-15,"Composite",0.0586818848093975
"2027",2017-08-15,"Fund",0.148103085391278
"2028",2017-08-15,"Benchmark",-0.0352720450281426
"2029",2017-08-16,"Composite",0.0610893690800323
"2030",2017-08-16,"Fund",0.149390342540987
"2031",2017-08-16,"Benchmark",-0.0346591619762353
"2032",2017-08-17,"Composite",0.064125748586757
"2033",2017-08-17,"Fund",0.148103085391278
"2034",2017-08-17,"Benchmark",-0.0357348342714197
"2035",2017-08-18,"Composite",0.0657801562492
"2036",2017-08-18,"Fund",0.14681582824157
"2037",2017-08-18,"Benchmark",-0.0372107567229518
"2038",2017-08-21,"Composite",0.066463952961147
"2039",2017-08-21,"Fund",0.14681582824157
"2040",2017-08-21,"Benchmark",-0.0373608505315822
"2041",2017-08-22,"Composite",0.063555261858087
"2042",2017-08-22,"Fund",0.148103085391278
"2043",2017-08-22,"Benchmark",-0.03682301438399
"2044",2017-08-23,"Composite",0.0673011622454993
"2045",2017-08-23,"Fund",0.148103085391278
"2046",2017-08-23,"Benchmark",-0.0366353971232022
"2047",2017-08-24,"Composite",0.0643286198388096
"2048",2017-08-24,"Fund",0.149390342540987
"2049",2017-08-24,"Benchmark",-0.0358098811757349
"2050",2017-08-25,"Composite",0.0643684980170249
"2051",2017-08-25,"Fund",0.149390342540987
"2052",2017-08-25,"Benchmark",-0.0350719199499689
"2053",2017-08-29,"Composite",0.0665152148940964
"2054",2017-08-29,"Fund",0.149390342540987
"2055",2017-08-29,"Benchmark",-0.0349343339587244
"2056",2017-08-30,"Composite",0.0651404945841936
"2057",2017-08-30,"Fund",0.150677160503677
"2058",2017-08-30,"Benchmark",-0.0342213883677299
"2059",2017-08-31,"Composite",0.0658154856063315
"2060",2017-08-31,"Fund",0.158174522087667
"2061",2017-08-31,"Benchmark",-0.0324828017510944
"2062",2017-09-01,"Composite",0.0613175194763496
"2063",2017-09-01,"Fund",0.158174522087667
"2064",2017-09-01,"Benchmark",-0.032157598499062
"2065",2017-09-05,"Composite",0.069406661893016
"2066",2017-09-05,"Fund",0.158174522087667
"2067",2017-09-05,"Benchmark",-0.0322951844903065
"2068",2017-09-06,"Composite",0.0656058384046805
"2069",2017-09-06,"Fund",0.159466756690245
"2070",2017-09-06,"Benchmark",-0.0313946216385241
"2071",2017-09-07,"Composite",0.068818767066382
"2072",2017-09-07,"Fund",0.159466756690245
"2073",2017-09-07,"Benchmark",-0.0313821138211382
"2074",2017-09-08,"Composite",0.0681722004801093
"2075",2017-09-08,"Fund",0.158174522087667
"2076",2017-09-08,"Benchmark",-0.032245153220763
"2077",2017-09-11,"Composite",0.061931590924345
"2078",2017-09-11,"Fund",0.158174522087667
"2079",2017-09-11,"Benchmark",-0.0318699186991871
"2080",2017-09-12,"Composite",0.0576503768023728
"2081",2017-09-12,"Fund",0.159466756690245
"2082",2017-09-12,"Benchmark",-0.0316697936210131
"2083",2017-09-13,"Composite",0.0562293919843071
"2084",2017-09-13,"Fund",0.159466756690245
"2085",2017-09-13,"Benchmark",-0.0317073170731708
"2086",2017-09-14,"Composite",0.0557333136801523
"2087",2017-09-14,"Fund",0.160759723271188
"2088",2017-09-14,"Benchmark",-0.0311944965603502
"2089",2017-09-15,"Composite",0.0539552405698769
"2090",2017-09-15,"Fund",0.160759723271188
"2091",2017-09-15,"Benchmark",-0.031319574734209
"2092",2017-09-18,"Composite",0.0513391477835621
"2093",2017-09-18,"Fund",0.160759723271188
"2094",2017-09-18,"Benchmark",-0.0307317073170733
"2095",2017-09-19,"Composite",0.050048590830138
"2096",2017-09-19,"Fund",0.162052397060785
"2097",2017-09-19,"Benchmark",-0.030381488430269
"2098",2017-09-20,"Composite",0.0467682904072126
"2099",2017-09-20,"Fund",0.163344338872018
"2100",2017-09-20,"Benchmark",-0.0298311444652909
"2101",2017-09-21,"Composite",0.047959233092306
"2102",2017-09-21,"Fund",0.162052397060785
"2103",2017-09-21,"Benchmark",-0.0303314571607255
"2104",2017-09-22,"Composite",0.0485703823794164
"2105",2017-09-22,"Fund",0.163344338872018
"2106",2017-09-22,"Benchmark",-0.0303564727954974
"2107",2017-09-25,"Composite",0.0536442790264866
"2108",2017-09-25,"Fund",0.164637891035651
"2109",2017-09-25,"Benchmark",-0.0299687304565354
"2110",2017-09-26,"Composite",0.053179826572334
"2111",2017-09-26,"Fund",0.16593012563823
"2112",2017-09-26,"Benchmark",-0.0293433395872421
"2113",2017-09-27,"Composite",0.0465926380696082
"2114",2017-09-27,"Fund",0.164637891035651
"2115",2017-09-27,"Benchmark",-0.0298436522826766
"2116",2017-09-28,"Composite",0.0456643537159638
"2117",2017-09-28,"Fund",0.16593012563823
"2118",2017-09-28,"Benchmark",-0.0293183239524705
"2119",2017-09-29,"Composite",0.0436084775028593
"2120",2017-09-29,"Fund",0.170601904344189
"2121",2017-09-29,"Benchmark",-0.0288180112570358
"2122",2017-10-02,"Composite",0.0432196129902416
"2123",2017-10-02,"Fund",0.170601904344189
"2124",2017-10-02,"Benchmark",-0.0288680425265792
"2125",2017-10-03,"Composite",0.0428384945598679
"2126",2017-10-03,"Fund",0.170601904344189
"2127",2017-10-03,"Benchmark",-0.0287304565353346
"2128",2017-10-04,"Composite",0.0421067190022941
"2129",2017-10-04,"Fund",0.171899701982329
"2130",2017-10-04,"Benchmark",-0.0285928705440902
"2131",2017-10-05,"Composite",0.0408845441238277
"2132",2017-10-05,"Fund",0.171899701982329
"2133",2017-10-05,"Benchmark",-0.0281050656660414
"2134",2017-10-06,"Composite",0.0398502843710515
"2135",2017-10-06,"Fund",0.171899701982329
"2136",2017-10-06,"Benchmark",-0.0284677923702314
"2137",2017-10-10,"Composite",0.0406169924592461
"2138",2017-10-10,"Fund",0.171899701982329
"2139",2017-10-10,"Benchmark",-0.0283802376485304
"2140",2017-10-11,"Composite",0.0400522180637242
"2141",2017-10-11,"Fund",0.171899701982329
"2142",2017-10-11,"Benchmark",-0.0283552220137586
"2143",2017-10-12,"Composite",0.0412507062949856
"2144",2017-10-12,"Fund",0.170601904344189
"2145",2017-10-12,"Benchmark",-0.0291807379612259
"2146",2017-10-13,"Composite",0.0445832541600479
"2147",2017-10-13,"Fund",0.170601904344189
"2148",2017-10-13,"Benchmark",-0.0294434021263291
"2149",2017-10-16,"Composite",0.0424380934022592
"2150",2017-10-16,"Fund",0.170601904344189
"2151",2017-10-16,"Benchmark",-0.0292057535959976
"2152",2017-10-17,"Composite",0.0438572249372007
"2153",2017-10-17,"Fund",0.171899701982329
"2154",2017-10-17,"Benchmark",-0.0285303314571609
"2155",2017-10-18,"Composite",0.0390170953185158
"2156",2017-10-18,"Fund",0.17319808520316
"2157",2017-10-18,"Benchmark",-0.027967479674797
"2158",2017-10-19,"Composite",0.0408278911789661
"2159",2017-10-19,"Fund",0.17319808520316
"2160",2017-10-19,"Benchmark",-0.0280675422138837
"2161",2017-10-20,"Composite",0.03543030279198
"2162",2017-10-20,"Fund",0.17319808520316
"2163",2017-10-20,"Benchmark",-0.0278674171357097
"2164",2017-10-23,"Composite",0.0366287536367735
"2165",2017-10-23,"Fund",0.17319808520316
"2166",2017-10-23,"Benchmark",-0.0273045653533459
"2167",2017-10-24,"Composite",0.0344317219708401
"2168",2017-10-24,"Fund",0.174495443654282
"2169",2017-10-24,"Benchmark",-0.0274421513445904
"2170",2017-10-25,"Composite",0.0321266371835911
"2171",2017-10-25,"Fund",0.171899701982329
"2172",2017-10-25,"Benchmark",-0.0293933708567855
"2173",2017-10-26,"Composite",0.0327989524974428
"2174",2017-10-26,"Fund",0.171899701982329
"2175",2017-10-26,"Benchmark",-0.0296435272045028
"2176",2017-10-27,"Composite",0.0357607059257552
"2177",2017-10-27,"Fund",0.171899701982329
"2178",2017-10-27,"Benchmark",-0.0303064415259539
"2179",2017-10-30,"Composite",0.0395280790147445
"2180",2017-10-30,"Fund",0.171899701982329
"2181",2017-10-30,"Benchmark",-0.0303064415259539
"2182",2017-10-31,"Composite",0.0384009656007953
"2183",2017-10-31,"Fund",0.176852413984125
"2184",2017-10-31,"Benchmark",-0.030018761726079
"2185",2017-11-01,"Composite",0.0382654606235135
"2186",2017-11-01,"Fund",0.179458696144509
"2187",2017-11-01,"Benchmark",-0.0296685428392747
"2188",2017-11-02,"Composite",0.0412980739417497
"2189",2017-11-02,"Fund",0.178155774657826
"2190",2017-11-02,"Benchmark",-0.0303564727954974
"2191",2017-11-03,"Composite",0.0434603762092522
"2192",2017-11-03,"Fund",0.178155774657826
"2193",2017-11-03,"Benchmark",-0.0306941838649156
"2194",2017-11-06,"Composite",0.0461712579847051
"2195",2017-11-06,"Fund",0.178155774657826
"2196",2017-11-06,"Benchmark",-0.0311944965603502
"2197",2017-11-07,"Composite",0.0497313285164569
"2198",2017-11-07,"Fund",0.176852413984125
"2199",2017-11-07,"Benchmark",-0.0321200750469044
"2200",2017-11-08,"Composite",0.049891961039868
"2201",2017-11-08,"Fund",0.172942331963021
"2202",2017-11-08,"Benchmark",-0.0355472170106317
"2203",2017-11-09,"Composite",0.050917414717315
"2204",2017-11-09,"Fund",0.167729767642252
"2205",2017-11-09,"Benchmark",-0.039349593495935
"2206",2017-11-10,"Composite",0.0444264437213571
"2207",2017-11-10,"Fund",0.167729767642252
"2208",2017-11-10,"Benchmark",-0.0395622263914946
"2209",2017-11-13,"Composite",0.0449581714903913
"2210",2017-11-13,"Fund",0.167729767642252
"2211",2017-11-13,"Benchmark",-0.0403001876172608
"2212",2017-11-14,"Composite",0.0472097273716814
"2213",2017-11-14,"Fund",0.163819832016821
"2214",2017-11-14,"Benchmark",-0.0427767354596624
"2215",2017-11-15,"Composite",0.0529448685939893
"2216",2017-11-15,"Fund",0.159909457204372
"2217",2017-11-15,"Benchmark",-0.0459287054409007
"2218",2017-11-16,"Composite",0.0474481144478469
"2219",2017-11-16,"Fund",0.166426114177206
"2220",2017-11-16,"Benchmark",-0.0406629143214511
"2221",2017-11-17,"Composite",0.0476118826559153
"2222",2017-11-17,"Fund",0.166426114177206
"2223",2017-11-17,"Benchmark",-0.0403126954346467
"2224",2017-11-20,"Composite",0.0458526312952321
"2225",2017-11-20,"Fund",0.167729767642252
"2226",2017-11-20,"Benchmark",-0.0397498436522827
"2227",2017-11-21,"Composite",0.0458234018961097
"2228",2017-11-21,"Fund",0.16903239633759
"2229",2017-11-21,"Benchmark",-0.0386116322701689
"2230",2017-11-22,"Composite",0.0480072183460196
"2231",2017-11-22,"Fund",0.170335903406964
"2232",2017-11-22,"Benchmark",-0.0378861788617886
"2233",2017-11-24,"Composite",0.0448241611832447
"2234",2017-11-24,"Fund",0.170335903406964
"2235",2017-11-24,"Benchmark",-0.0377861163227018
"2236",2017-11-27,"Composite",0.0455882962076135
"2237",2017-11-27,"Fund",0.170335903406964
"2238",2017-11-27,"Benchmark",-0.0373733583489682
"2239",2017-11-28,"Composite",0.0446251220501754
"2240",2017-11-28,"Fund",0.16903239633759
"2241",2017-11-28,"Benchmark",-0.0381488430268918
"2242",2017-11-29,"Composite",0.0409572460674494
"2243",2017-11-29,"Fund",0.170335903406964
"2244",2017-11-29,"Benchmark",-0.0378236397748595
"2245",2017-11-30,"Composite",0.0375905933568217
"2246",2017-11-30,"Fund",0.175046476966178
"2247",2017-11-30,"Benchmark",-0.0375859912445278
"2248",2017-12-01,"Composite",0.0436371940173765
"2249",2017-12-01,"Fund",0.175046476966178
"2250",2017-12-01,"Benchmark",-0.0376360225140714
"2251",2017-12-04,"Composite",0.0412582669779846
"2252",2017-12-04,"Fund",0.176355547071113
"2253",2017-12-04,"Benchmark",-0.0369480925578488
"2254",2017-12-05,"Composite",0.0431901193051296
"2255",2017-12-05,"Fund",0.176355547071113
"2256",2017-12-05,"Benchmark",-0.0369731081926206
"2257",2017-12-06,"Composite",0.0464291590906443
"2258",2017-12-06,"Fund",0.175046476966178
"2259",2017-12-06,"Benchmark",-0.0380612883051908
"2260",2017-12-07,"Composite",0.0428905083423312
"2261",2017-12-07,"Fund",0.173737699652588
"2262",2017-12-07,"Benchmark",-0.0386616635397126
"2263",2017-12-08,"Composite",0.0422535912106137
"2264",2017-12-08,"Fund",0.175046476966178
"2265",2017-12-08,"Benchmark",-0.0384740462789245
"2266",2017-12-11,"Composite",0.0412038434890318
"2267",2017-12-11,"Fund",0.176355547071113
"2268",2017-12-11,"Benchmark",-0.0383614759224516
"2269",2017-12-12,"Composite",0.0400897157642566
"2270",2017-12-12,"Fund",0.176355547071113
"2271",2017-12-12,"Benchmark",-0.0377485928705442
"2272",2017-12-13,"Composite",0.0449178503174918
"2273",2017-12-13,"Fund",0.176355547071113
"2274",2017-12-13,"Benchmark",-0.0381988742964353
"2275",2017-12-14,"Composite",0.0456589145425719
"2276",2017-12-14,"Fund",0.175046476966178
"2277",2017-12-14,"Benchmark",-0.0389493433395874
"2278",2017-12-15,"Composite",0.0455555864115793
"2279",2017-12-15,"Fund",0.175046476966178
"2280",2017-12-15,"Benchmark",-0.0394496560350219
"2281",2017-12-18,"Composite",0.0408566116237494
"2282",2017-12-18,"Fund",0.175046476966178
"2283",2017-12-18,"Benchmark",-0.0397498436522827
"2284",2017-12-19,"Composite",0.0344241576306321
"2285",2017-12-19,"Fund",0.175046476966178
"2286",2017-12-19,"Benchmark",-0.0400500312695434
"2287",2017-12-20,"Composite",0.0306309310432376
"2288",2017-12-20,"Fund",0.175046476966178
"2289",2017-12-20,"Benchmark",-0.0404252657911196
"2290",2017-12-21,"Composite",0.0318572489531987
"2291",2017-12-21,"Fund",0.175046476966178
"2292",2017-12-21,"Benchmark",-0.0401876172607881
"2293",2017-12-22,"Composite",0.0312366879685584
"2294",2017-12-22,"Fund",0.175046476966178
"2295",2017-12-22,"Benchmark",-0.0402876797998751
"2296",2017-12-27,"Composite",0.037189406088262
"2297",2017-12-27,"Fund",0.17583437847644
"2298",2017-12-27,"Benchmark",-0.0400375234521577
"2299",2017-12-28,"Composite",0.0351419939017266
"2300",2017-12-28,"Fund",0.17714871882559
"2301",2017-12-28,"Benchmark",-0.0395247029393372
"2302",2017-12-29,"Composite",0.0356477128841599
"2303",2017-12-29,"Fund",0.182294819510971
"2304",2017-12-29,"Benchmark",-0.0396747967479675
"2305",2018-01-02,"Composite",0.0295028655814058
"2306",2018-01-02,"Fund",0.184933747906359
"2307",2018-01-02,"Benchmark",-0.0387367104440276
"2308",2018-01-03,"Composite",0.0297964908988688
"2309",2018-01-03,"Fund",0.187572676301747
"2310",2018-01-03,"Benchmark",-0.0361601000625392
"2311",2018-01-04,"Composite",0.0264793869635225
"2312",2018-01-04,"Fund",0.191531361686174
"2313",2018-01-04,"Benchmark",-0.0336585365853659
"2314",2018-01-05,"Composite",0.0233675046270139
"2315",2018-01-05,"Fund",0.191531361686174
"2316",2018-01-05,"Benchmark",-0.0327954971857412
"2317",2018-01-08,"Composite",0.0240361225842345
"2318",2018-01-08,"Fund",0.191531361686174
"2319",2018-01-08,"Benchmark",-0.0327329580988118
"2320",2018-01-09,"Composite",0.0190798206227738
"2321",2018-01-09,"Fund",0.192851118675213
"2322",2018-01-09,"Benchmark",-0.0330081300813008
"2323",2018-01-10,"Composite",0.0197240474538922
"2324",2018-01-10,"Fund",0.190211751092807
"2325",2018-01-10,"Benchmark",-0.0355597248280175
"2326",2018-01-11,"Composite",0.0205344727094836
"2327",2018-01-11,"Fund",0.191531361686174
"2328",2018-01-11,"Benchmark",-0.0346216385240776
"2329",2018-01-12,"Composite",0.0174421666949591
"2330",2018-01-12,"Fund",0.191531361686174
"2331",2018-01-12,"Benchmark",-0.0346091307066917
"2332",2018-01-16,"Composite",0.0169623678508051
"2333",2018-01-16,"Fund",0.192851118675213
"2334",2018-01-16,"Benchmark",-0.0342839274546591
"2335",2018-01-17,"Composite",0.0143584891459176
"2336",2018-01-17,"Fund",0.191531361686174
"2337",2018-01-17,"Benchmark",-0.0349843652282676
"2338",2018-01-18,"Composite",0.0121487560147713
"2339",2018-01-18,"Fund",0.190211751092807
"2340",2018-01-18,"Benchmark",-0.0361851156973109
"2341",2018-01-19,"Composite",0.0105552833824178
"2342",2018-01-19,"Fund",0.188892726082131
"2343",2018-01-19,"Benchmark",-0.0369230769230769
"2344",2018-01-22,"Composite",0.00812951158065833
"2345",2018-01-22,"Fund",0.190211751092807
"2346",2018-01-22,"Benchmark",-0.0368105065666041
"2347",2018-01-23,"Composite",0.0100196372295276
"2348",2018-01-23,"Fund",0.192851118675213
"2349",2018-01-23,"Benchmark",-0.0354096310193872
"2350",2018-01-24,"Composite",0.00600277280310801
"2351",2018-01-24,"Fund",0.194170729268579
"2352",2018-01-24,"Benchmark",-0.0351469668542841
"2353",2018-01-25,"Composite",0.00835695254819635
"2354",2018-01-25,"Fund",0.194170729268579
"2355",2018-01-25,"Benchmark",-0.0351094434021264
"2356",2018-01-26,"Composite",0.00478399957298548
"2357",2018-01-26,"Fund",0.194170729268579
"2358",2018-01-26,"Benchmark",-0.0349843652282676
"2359",2018-01-29,"Composite",0.00464061551240147
"2360",2018-01-29,"Fund",0.192851118675213
"2361",2018-01-29,"Benchmark",-0.036647904940588
"2362",2018-01-30,"Composite",0.00406808705037487
"2363",2018-01-30,"Fund",0.188892726082131
"2364",2018-01-30,"Benchmark",-0.0396247654784241
"2365",2018-01-31,"Composite",0.00432893961946745
"2366",2018-01-31,"Fund",0.196711279771939
"2367",2018-01-31,"Benchmark",-0.0384740462789245
"2368",2018-02-01,"Composite",-6.6701974460015e-05
"2369",2018-02-01,"Fund",0.194061225305429
"2370",2018-02-01,"Benchmark",-0.039737335834897
"2371",2018-02-02,"Composite",-0.00305492585710032
"2372",2018-02-02,"Fund",0.19008482604461
"2373",2018-02-02,"Benchmark",-0.0432145090681676
"2374",2018-02-05,"Composite",0.00624123813154154
"2375",2018-02-05,"Fund",0.1861094515535
"2376",2018-02-05,"Benchmark",-0.0458286429018137
"2377",2018-02-06,"Composite",0.0136152668983018
"2378",2018-02-06,"Fund",0.183458665108626
"2379",2018-02-06,"Benchmark",-0.0494058786741715
"2380",2018-02-07,"Composite",0.00473551147011353
"2381",2018-02-07,"Fund",0.1861094515535
"2382",2018-02-07,"Benchmark",-0.0464915572232646
"2383",2018-02-08,"Composite",0.00833392871733452
"2384",2018-02-08,"Fund",0.17948299782617
"2385",2018-02-08,"Benchmark",-0.0514696685428392
"2386",2018-02-09,"Composite",0.0173757304661233
"2387",2018-02-09,"Fund",0.171531663261259
"2388",2018-02-09,"Benchmark",-0.0580112570356474
"2389",2018-02-12,"Composite",0.0124817622222058
"2390",2018-02-12,"Fund",0.176832211381297
"2391",2018-02-12,"Benchmark",-0.0554096310193872
"2392",2018-02-13,"Composite",0.0145216904016925
"2393",2018-02-13,"Fund",0.174182156914787
"2394",2018-02-13,"Benchmark",-0.0581363352095059
"2395",2018-02-14,"Composite",0.00703242657695058
"2396",2018-02-14,"Fund",0.174182156914787
"2397",2018-02-14,"Benchmark",-0.0584490306441527
"2398",2018-02-15,"Composite",0.00483033059708315
"2399",2018-02-15,"Fund",0.17948299782617
"2400",2018-02-15,"Benchmark",-0.0540212632895561
"2401",2018-02-16,"Composite",0.00330928210247539
"2402",2018-02-16,"Fund",0.183458665108626
"2403",2018-02-16,"Benchmark",-0.0512570356472796
"2404",2018-02-20,"Composite",0.00285444159887338
"2405",2018-02-20,"Fund",0.182133637875371
"2406",2018-02-20,"Benchmark",-0.0510444027517198
"2407",2018-02-21,"Composite",-0.00122768931060713
"2408",2018-02-21,"Fund",0.180808464246444
"2409",2018-02-21,"Benchmark",-0.0514946841776112
"2410",2018-02-22,"Composite",0.00217595395621872
"2411",2018-02-22,"Fund",0.178157970592915
"2412",2018-02-22,"Benchmark",-0.0533708567854909
"2413",2018-02-23,"Composite",0.00626780761898615
"2414",2018-02-23,"Fund",0.178157970592915
"2415",2018-02-23,"Benchmark",-0.0539337085678548
"2416",2018-02-26,"Composite",0.00533692063854985
"2417",2018-02-26,"Fund",0.180808464246444
"2418",2018-02-26,"Benchmark",-0.0511319574734211
"2419",2018-02-27,"Composite",0.00219370472835245
"2420",2018-02-27,"Fund",0.17948299782617
"2421",2018-02-27,"Benchmark",-0.0516447779862416
"2422",2018-02-28,"Composite",0.00769362867734191
"2423",2018-02-28,"Fund",0.182809253904702
"2424",2018-02-28,"Benchmark",-0.0521701063164478
"2425",2018-03-01,"Composite",0.015528750129451
"2426",2018-03-01,"Fund",0.178817775889599
"2427",2018-03-01,"Benchmark",-0.0542464040025017
"2428",2018-03-02,"Composite",0.0130283695390701
"2429",2018-03-02,"Fund",0.176156888143312
"2430",2018-03-02,"Benchmark",-0.057573483427142
"2431",2018-03-05,"Composite",0.00955051369079118
"2432",2018-03-05,"Fund",0.177487185620783
"2433",2018-03-05,"Benchmark",-0.0563227016885554
"2434",2018-03-06,"Composite",0.0080350631645365
"2435",2018-03-06,"Fund",0.180148366158415
"2436",2018-03-06,"Benchmark",-0.0543839899937462
"2437",2018-03-07,"Composite",0.00777534424226678
"2438",2018-03-07,"Fund",0.178817775889599
"2439",2018-03-07,"Benchmark",-0.0557848655409633
"2440",2018-03-08,"Composite",0.00945409011619192
"2441",2018-03-08,"Fund",0.178817775889599
"2442",2018-03-08,"Benchmark",-0.0556222639149468
"2443",2018-03-09,"Composite",0.00586001448193341
"2444",2018-03-09,"Fund",0.180148366158415
"2445",2018-03-09,"Benchmark",-0.0550844277673547
"2446",2018-03-12,"Composite",0.00793005544990666
"2447",2018-03-12,"Fund",0.180148366158415
"2448",2018-03-12,"Benchmark",-0.0552845528455286
"2449",2018-03-13,"Composite",0.0102233803068728
"2450",2018-03-13,"Fund",0.178817775889599
"2451",2018-03-13,"Benchmark",-0.0560475297060662
"2452",2018-03-14,"Composite",0.0143779384734644
"2453",2018-03-14,"Fund",0.177487185620783
"2454",2018-03-14,"Benchmark",-0.0571607254534084
"2455",2018-03-15,"Composite",0.014347980799241
"2456",2018-03-15,"Fund",0.176156888143312
"2457",2018-03-15,"Benchmark",-0.0581988742964354
"2458",2018-03-16,"Composite",0.012695601588252
"2459",2018-03-16,"Fund",0.177487185620783
"2460",2018-03-16,"Benchmark",-0.0581238273921202
"2461",2018-03-19,"Composite",0.0144899842583646
"2462",2018-03-19,"Fund",0.176156888143312
"2463",2018-03-19,"Benchmark",-0.0599249530956849
"2464",2018-03-20,"Composite",0.0122165871178188
"2465",2018-03-20,"Fund",0.176156888143312
"2466",2018-03-20,"Benchmark",-0.0603877423389619
"2467",2018-03-21,"Composite",0.0105729362871541
"2468",2018-03-21,"Fund",0.176156888143312
"2469",2018-03-21,"Benchmark",-0.0601500938086305
"2470",2018-03-22,"Composite",0.018175732157121
"2471",2018-03-22,"Fund",0.173495854001352
"2472",2018-03-22,"Benchmark",-0.0615884928080052
"2473",2018-03-23,"Composite",0.0197365277686872
"2474",2018-03-23,"Fund",0.173495854001352
"2475",2018-03-23,"Benchmark",-0.0627392120075049
"2476",2018-03-26,"Composite",0.0181419585735869
"2477",2018-03-26,"Fund",0.172165410128209
"2478",2018-03-26,"Benchmark",-0.0630644152595373
"2479",2018-03-27,"Composite",0.0209054986468915
"2480",2018-03-27,"Fund",0.173495854001352
"2481",2018-03-27,"Benchmark",-0.0622013758599125
"2482",2018-03-28,"Composite",0.0221215063712532
"2483",2018-03-28,"Fund",0.172165410128209
"2484",2018-03-28,"Benchmark",-0.0632145090681676
"2485",2018-03-29,"Composite",0.0254845821459795
"2486",2018-03-29,"Fund",0.177511340906772
"2487",2018-03-29,"Benchmark",-0.0629143214509069
"2488",2018-04-03,"Composite",0.0223400940805616
"2489",2018-04-03,"Fund",0.176175187602395
"2490",2018-04-03,"Benchmark",-0.0640650406504065
"2491",2018-04-04,"Composite",0.0213397911977533
"2492",2018-04-04,"Fund",0.176175187602395
"2493",2018-04-04,"Benchmark",-0.0641275797373358
"2494",2018-04-05,"Composite",0.0148657724569417
"2495",2018-04-05,"Fund",0.180184818680908
"2496",2018-04-05,"Benchmark",-0.0609631019387117
"2497",2018-04-06,"Composite",0.0191594087517597
"2498",2018-04-06,"Fund",0.180184818680908
"2499",2018-04-06,"Benchmark",-0.06093808630394
"2500",2018-04-09,"Composite",0.0180848752858633
"2501",2018-04-09,"Fund",0.181521850359321
"2502",2018-04-09,"Benchmark",-0.0603502188868045
"2503",2018-04-10,"Composite",0.0149026821087892
"2504",2018-04-10,"Fund",0.184194449759421
"2505",2018-04-10,"Benchmark",-0.0578111319574736
"2506",2018-04-11,"Composite",0.015338519282766
"2507",2018-04-11,"Fund",0.18553074945947
"2508",2018-04-11,"Benchmark",-0.0572482801751095
"2509",2018-04-12,"Composite",0.0102442915242178
"2510",2018-04-12,"Fund",0.188204227233606
"2511",2018-04-12,"Benchmark",-0.055897435897436
"2512",2018-04-13,"Composite",0.00926093081099477
"2513",2018-04-13,"Fund",0.189540966120674
"2514",2018-04-13,"Benchmark",-0.054308943089431
"2515",2018-04-16,"Composite",0.00891567274029481
"2516",2018-04-16,"Fund",0.190877412216397
"2517",2018-04-16,"Benchmark",-0.0534333958724204
"2518",2018-04-17,"Composite",0.0103080091927072
"2519",2018-04-17,"Fund",0.192214151103465
"2520",2018-04-17,"Benchmark",-0.0519324577861164
"2521",2018-04-18,"Composite",0.00458413012646686
"2522",2018-04-18,"Fund",0.192214151103465
"2523",2018-04-18,"Benchmark",-0.0517198248905567
"2524",2018-04-19,"Composite",0.00228075935392069
"2525",2018-04-19,"Fund",0.186867634742211
"2526",2018-04-19,"Benchmark",-0.0554596622889306
"2527",2018-04-20,"Composite",0.00095868743269012
"2528",2018-04-20,"Fund",0.186867634742211
"2529",2018-04-20,"Benchmark",-0.0565728580362727
"2530",2018-04-23,"Composite",0.00138607321751216
"2531",2018-04-23,"Fund",0.184194449759421
"2532",2018-04-23,"Benchmark",-0.0586616635397125
"2533",2018-04-24,"Composite",0.000647379977441354
"2534",2018-04-24,"Fund",0.181521850359321
"2535",2018-04-24,"Benchmark",-0.0606754221388368
"2536",2018-04-25,"Composite",0.000609052347333217
"2537",2018-04-25,"Fund",0.178848226189512
"2538",2018-04-25,"Benchmark",-0.0636898061288306
"2539",2018-04-26,"Composite",0.00255926903436499
"2540",2018-04-26,"Fund",0.181521850359321
"2541",2018-04-26,"Benchmark",-0.0616635397123203
"2542",2018-04-27,"Composite",0.00642460688081004
"2543",2018-04-27,"Fund",0.180184818680908
"2544",2018-04-27,"Benchmark",-0.0612757973733584
"2545",2018-04-30,"Composite",0.00877960597958816
"2546",2018-04-30,"Fund",0.185285683103436
"2547",2018-04-30,"Benchmark",-0.0615884928080052
"2548",2018-05-01,"Composite",0.00799959765040037
"2549",2018-05-01,"Fund",0.183943381180807
"2550",2018-05-01,"Benchmark",-0.0630143839899937
"2551",2018-05-02,"Composite",0.00976965491119919
"2552",2018-05-02,"Fund",0.185285683103436
"2553",2018-05-02,"Benchmark",-0.0622138836772984
"2554",2018-05-03,"Composite",0.0137829115753056
"2555",2018-05-03,"Fund",0.183943381180807
"2556",2018-05-03,"Benchmark",-0.0632520325203253
"2557",2018-05-04,"Composite",0.0142248725867034
"2558",2018-05-04,"Fund",0.183943381180807
"2559",2018-05-04,"Benchmark",-0.062901813633521
"2560",2018-05-08,"Composite",0.0144537870928925
"2561",2018-05-08,"Fund",0.183943381180807
"2562",2018-05-08,"Benchmark",-0.062626641651032
"2563",2018-05-09,"Composite",0.0111951812105733
"2564",2018-05-09,"Fund",0.185285683103436
"2565",2018-05-09,"Benchmark",-0.062426516572858
"2566",2018-05-10,"Composite",0.0111943518786566
"2567",2018-05-10,"Fund",0.185285683103436
"2568",2018-05-10,"Benchmark",-0.0616635397123203
"2569",2018-05-11,"Composite",0.00950963753916056
"2570",2018-05-11,"Fund",0.185285683103436
"2571",2018-05-11,"Benchmark",-0.0614509068167605
"2572",2018-05-14,"Composite",0.0078235108399789
"2573",2018-05-14,"Fund",0.18662827781741
"2574",2018-05-14,"Benchmark",-0.0613258286429019
"2575",2018-05-15,"Composite",0.00333398597727763
"2576",2018-05-15,"Fund",0.183943381180807
"2577",2018-05-15,"Benchmark",-0.0632145090681676
"2578",2018-05-16,"Composite",0.00270775732360851
"2579",2018-05-16,"Fund",0.183943381180807
"2580",2018-05-16,"Benchmark",-0.0639149468417761
"2581",2018-05-17,"Composite",0.000928892762972033
"2582",2018-05-17,"Fund",0.183943381180807
"2583",2018-05-17,"Benchmark",-0.0640025015634772
"2584",2018-05-18,"Composite",0.00620256929088581
"2585",2018-05-18,"Fund",0.183943381180807
"2586",2018-05-18,"Benchmark",-0.0645403377110694
"2587",2018-05-21,"Composite",0.00635572103183635
"2588",2018-05-21,"Fund",0.183943381180807
"2589",2018-05-21,"Benchmark",-0.0648405253283302
"2590",2018-05-22,"Composite",0.0047969064225073
"2591",2018-05-22,"Fund",0.183943381180807
"2592",2018-05-22,"Benchmark",-0.0645528455284553
"2593",2018-05-23,"Composite",0.0126598693124167
"2594",2018-05-23,"Fund",0.182600786466833
"2595",2018-05-23,"Benchmark",-0.0656035021888681
"2596",2018-05-24,"Composite",0.0152444582808835
"2597",2018-05-24,"Fund",0.183943381180807
"2598",2018-05-24,"Benchmark",-0.0653158223889931
"2599",2018-05-25,"Composite",0.0202358633130599
"2600",2018-05-25,"Fund",0.182600786466833
"2601",2018-05-25,"Benchmark",-0.0658536585365854
"2602",2018-05-29,"Composite",0.0403618500622267
"2603",2018-05-29,"Fund",0.179916182621574
"2604",2018-05-29,"Benchmark",-0.0682551594746719
"2605",2018-05-30,"Composite",0.0322772447834785
"2606",2018-05-30,"Fund",0.181258777335549
"2607",2018-05-30,"Benchmark",-0.0674171357098187
"2608",2018-05-31,"Composite",0.0343808109062322
"2609",2018-05-31,"Fund",0.186517163501861
"2610",2018-05-31,"Benchmark",-0.0666666666666667
"2611",2018-06-01,"Composite",0.0274189827640303
"2612",2018-06-01,"Fund",0.187865467647069
"2613",2018-06-01,"Benchmark",-0.0660412757973734
"2614",2018-06-04,"Composite",0.0218114970323073
"2615",2018-06-04,"Fund",0.187865467647069
"2616",2018-06-04,"Benchmark",-0.0653408380237649
"2617",2018-06-05,"Composite",0.0230948720732969
"2618",2018-06-05,"Fund",0.189213771792277
"2619",2018-06-05,"Benchmark",-0.0647154471544718
"2620",2018-06-06,"Composite",0.0169744310861131
"2621",2018-06-06,"Fund",0.190562222333158
"2622",2018-06-06,"Benchmark",-0.0641275797373358
"2623",2018-06-07,"Composite",0.0205453937736986
"2624",2018-06-07,"Fund",0.191910380082693
"2625",2018-06-07,"Benchmark",-0.0630268918073797
"2626",2018-06-08,"Composite",0.0217203609695864
"2627",2018-06-08,"Fund",0.191910380082693
"2628",2018-06-08,"Benchmark",-0.063364602876798
"2629",2018-06-11,"Composite",0.0189793512563654
"2630",2018-06-11,"Fund",0.191910380082693
"2631",2018-06-11,"Benchmark",-0.0626641651031895
"2632",2018-06-12,"Composite",0.0196592351120037
"2633",2018-06-12,"Fund",0.193258537832228
"2634",2018-06-12,"Benchmark",-0.0620012507817388
"2635",2018-06-13,"Composite",0.0177736877339509
"2636",2018-06-13,"Fund",0.194606988373109
"2637",2018-06-13,"Benchmark",-0.061313320825516
"2638",2018-06-14,"Composite",0.0211510822108298
"2639",2018-06-14,"Fund",0.194606988373109
"2640",2018-06-14,"Benchmark",-0.0603877423389619
"2641",2018-06-15,"Composite",0.0254206664326986
"2642",2018-06-15,"Fund",0.194606988373109
"2643",2018-06-15,"Benchmark",-0.0604502814258913
"2644",2018-06-18,"Composite",0.0271881185608767
"2645",2018-06-18,"Fund",0.193258537832228
"2646",2018-06-18,"Benchmark",-0.0609255784865541
"2647",2018-06-19,"Composite",0.0330303469737205
"2648",2018-06-19,"Fund",0.193258537832228
"2649",2018-06-19,"Benchmark",-0.0619762351469669
"2650",2018-06-20,"Composite",0.0277787404712717
"2651",2018-06-20,"Fund",0.194606988373109
"2652",2018-06-20,"Benchmark",-0.0611382113821139
"2653",2018-06-21,"Composite",0.0302562809940958
"2654",2018-06-21,"Fund",0.193258537832228
"2655",2018-06-21,"Benchmark",-0.0619637273295812
"2656",2018-06-22,"Composite",0.027417390753482
"2657",2018-06-22,"Fund",0.193258537832228
"2658",2018-06-22,"Benchmark",-0.0621388367729833
"2659",2018-06-25,"Composite",0.032771814664281
"2660",2018-06-25,"Fund",0.190562222333158
"2661",2018-06-25,"Benchmark",-0.0637523452157599
"2662",2018-06-26,"Composite",0.0334039406867934
"2663",2018-06-26,"Fund",0.190562222333158
"2664",2018-06-26,"Benchmark",-0.0645653533458412
"2665",2018-06-27,"Composite",0.0396989515405841
"2666",2018-06-27,"Fund",0.189213771792277
"2667",2018-06-27,"Benchmark",-0.0656785490931833
"2668",2018-06-28,"Composite",0.040919675931502
"2669",2018-06-28,"Fund",0.183820701607117
"2670",2018-06-28,"Benchmark",-0.0689555972482804
"2671",2018-06-29,"Composite",0.0387628187804563
"2672",2018-06-29,"Fund",0.190456671053169
"2673",2018-06-29,"Benchmark",-0.0683677298311446
"2674",2018-07-02,"Composite",0.0409367983088778
"2675",2018-07-02,"Fund",0.186393751949807
"2676",2018-07-02,"Benchmark",-0.0715196998123828
"2677",2018-07-03,"Composite",0.0411373958783845
"2678",2018-07-03,"Fund",0.187748204713267
"2679",2018-07-03,"Benchmark",-0.07046904315197
"2680",2018-07-05,"Composite",0.0391625101597
"2681",2018-07-05,"Fund",0.1891028038724
"2682",2018-07-05,"Benchmark",-0.0700437773608504
"2683",2018-07-06,"Composite",0.0384807216556768
"2684",2018-07-06,"Fund",0.1891028038724
"2685",2018-07-06,"Benchmark",-0.0694308943089432
"2686",2018-07-09,"Composite",0.0336813507127351
"2687",2018-07-09,"Fund",0.193165430184416
"2688",2018-07-09,"Benchmark",-0.0675547217010632
"2689",2018-07-10,"Composite",0.0319580951600202
"2690",2018-07-10,"Fund",0.194520029343549
"2691",2018-07-10,"Benchmark",-0.066278924327705
"2692",2018-07-11,"Composite",0.0368709423178417
"2693",2018-07-11,"Fund",0.191810977420956
"2694",2018-07-11,"Benchmark",-0.0674296435272046
"2695",2018-07-12,"Composite",0.0349297545027454
"2696",2018-07-12,"Fund",0.194520029343549
"2697",2018-07-12,"Benchmark",-0.0662038774233898
"2698",2018-07-13,"Composite",0.0360824905046289
"2699",2018-07-13,"Fund",0.194520029343549
"2700",2018-07-13,"Benchmark",-0.0657410881801126
"2701",2018-07-16,"Composite",0.0337048945753726
"2702",2018-07-16,"Fund",0.193165430184416
"2703",2018-07-16,"Benchmark",-0.0660787992495311
"2704",2018-07-17,"Composite",0.0338807825745104
"2705",2018-07-17,"Fund",0.193165430184416
"2706",2018-07-17,"Benchmark",-0.0660287679799875
"2707",2018-07-18,"Composite",0.0326512873803697
"2708",2018-07-18,"Fund",0.193165430184416
"2709",2018-07-18,"Benchmark",-0.0657661038148842
"2710",2018-07-19,"Composite",0.0358483399911711
"2711",2018-07-19,"Fund",0.193165430184416
"2712",2018-07-19,"Benchmark",-0.0661288305190746
"2713",2018-07-20,"Composite",0.029768067366341
"2714",2018-07-20,"Fund",0.193165430184416
"2715",2018-07-20,"Benchmark",-0.0659662288930581
"2716",2018-07-23,"Composite",0.0239166849600736
"2717",2018-07-23,"Fund",0.193165430184416
"2718",2018-07-23,"Benchmark",-0.0659161976235147
"2719",2018-07-24,"Composite",0.0244752647511739
"2720",2018-07-24,"Fund",0.195873750128645
"2721",2018-07-24,"Benchmark",-0.065153220762977
"2722",2018-07-25,"Composite",0.0254784787783899
"2723",2018-07-25,"Fund",0.195873750128645
"2724",2018-07-25,"Benchmark",-0.0650781738586618
"2725",2018-07-26,"Composite",0.0208715012680407
"2726",2018-07-26,"Fund",0.195873750128645
"2727",2018-07-26,"Benchmark",-0.0642151344590369
"2728",2018-07-27,"Composite",0.0212786589800424
"2729",2018-07-27,"Fund",0.19722849568345
"2730",2018-07-27,"Benchmark",-0.0639024390243902
"2731",2018-07-30,"Composite",0.0198131153264511
"2732",2018-07-30,"Fund",0.195873750128645
"2733",2018-07-30,"Benchmark",-0.0638649155722325
"2734",2018-07-31,"Composite",0.0205859542049367
"2735",2018-07-31,"Fund",0.202539730687592
"2736",2018-07-31,"Benchmark",-0.0628893058161353
"2737",2018-08-01,"Composite",0.0188402332522422
"2738",2018-08-01,"Fund",0.202539730687592
"2739",2018-08-01,"Benchmark",-0.0628267667292058
"2740",2018-08-02,"Composite",0.0230533109196662
"2741",2018-08-02,"Fund",0.202539730687592
"2742",2018-08-02,"Benchmark",-0.0625891181988744
"2743",2018-08-03,"Composite",0.0247595488619294
"2744",2018-08-03,"Fund",0.203899892882286
"2745",2018-08-03,"Benchmark",-0.0616635397123203
"2746",2018-08-06,"Composite",0.0266761056855334
"2747",2018-08-06,"Fund",0.205260494263998
"2748",2018-08-06,"Benchmark",-0.0613258286429019
"2749",2018-08-07,"Composite",0.0224887331823143
"2750",2018-08-07,"Fund",0.207981111444731
"2751",2018-08-07,"Benchmark",-0.060012507817386
"2752",2018-08-08,"Composite",0.0232805905849709
"2753",2018-08-08,"Fund",0.206620656458692
"2754",2018-08-08,"Benchmark",-0.0603502188868045
"2755",2018-08-09,"Composite",0.0283676828357304
"2756",2018-08-09,"Fund",0.207981111444731
"2757",2018-08-09,"Benchmark",-0.0603252032520326
"2758",2018-08-10,"Composite",0.0412587516819478
"2759",2018-08-10,"Fund",0.205260494263998
"2760",2018-08-10,"Benchmark",-0.0619011882426518
"2761",2018-08-13,"Composite",0.0437713640983821
"2762",2018-08-13,"Fund",0.203899892882286
"2763",2018-08-13,"Benchmark",-0.0627892432770482
"2764",2018-08-14,"Composite",0.0412683024607452
"2765",2018-08-14,"Fund",0.203899892882286
"2766",2018-08-14,"Benchmark",-0.0627267041901188
"2767",2018-08-15,"Composite",0.0475606116169034
"2768",2018-08-15,"Fund",0.202539730687592
"2769",2018-08-15,"Benchmark",-0.0640775484677926
"2770",2018-08-16,"Composite",0.0430768247751321
"2771",2018-08-16,"Fund",0.203899892882286
"2772",2018-08-16,"Benchmark",-0.063001876172608
"2773",2018-08-17,"Composite",0.0431400813610001
"2774",2018-08-17,"Fund",0.203899892882286
"2775",2018-08-17,"Benchmark",-0.0629143214509069
"2776",2018-08-20,"Composite",0.046883671348068
"2777",2018-08-20,"Fund",0.205260494263998
"2778",2018-08-20,"Benchmark",-0.0624765478424016
"2779",2018-08-21,"Composite",0.0429188122672215
"2780",2018-08-21,"Fund",0.205260494263998
"2781",2018-08-21,"Benchmark",-0.0618136335209507
"2782",2018-08-22,"Composite",0.0431388064998968
"2783",2018-08-22,"Fund",0.206620656458692
"2784",2018-08-22,"Benchmark",-0.0610131332082552
"2785",2018-08-23,"Composite",0.0444192458032437
"2786",2018-08-23,"Fund",0.206620656458692
"2787",2018-08-23,"Benchmark",-0.0609255784865541
"2788",2018-08-24,"Composite",0.0432065793924743
"2789",2018-08-24,"Fund",0.207981111444731
"2790",2018-08-24,"Benchmark",-0.0606879299562226
"2791",2018-08-28,"Composite",0.0366622581494911
"2792",2018-08-28,"Fund",0.207981111444731
"2793",2018-08-28,"Benchmark",-0.0602626641651032
"2794",2018-08-29,"Composite",0.0372267874447576
"2795",2018-08-29,"Fund",0.207981111444731
"2796",2018-08-29,"Benchmark",-0.0602626641651032
"2797",2018-08-30,"Composite",0.0419942235178457
"2798",2018-08-30,"Fund",0.206620656458692
"2799",2018-08-30,"Benchmark",-0.0607629768605379
"2800",2018-08-31,"Composite",0.045004428694239
"2801",2018-08-31,"Fund",0.211949166152208
"2802",2018-08-31,"Benchmark",-0.0610381488430268
"2803",2018-09-04,"Composite",0.0430450501007029
"2804",2018-09-04,"Fund",0.210583148130608
"2805",2018-09-04,"Benchmark",-0.0614634146341464
"2806",2018-09-05,"Composite",0.042907837078169
"2807",2018-09-05,"Fund",0.209216837317662
"2808",2018-09-05,"Benchmark",-0.062439024390244
"2809",2018-09-06,"Composite",0.0447892532815442
"2810",2018-09-06,"Fund",0.209216837317662
"2811",2018-09-06,"Benchmark",-0.0627267041901188
"2812",2018-09-07,"Composite",0.0393009637169268
"2813",2018-09-07,"Fund",0.207850526504717
"2814",2018-09-07,"Benchmark",-0.0634521575984993
"2815",2018-09-10,"Composite",0.0396573356340424
"2816",2018-09-10,"Fund",0.209216837317662
"2817",2018-09-10,"Benchmark",-0.063001876172608
"2818",2018-09-11,"Composite",0.0360678740238749
"2819",2018-09-11,"Fund",0.209216837317662
"2820",2018-09-11,"Benchmark",-0.0626766729205754
"2821",2018-09-12,"Composite",0.0351474337267283
"2822",2018-09-12,"Fund",0.211949166152208
"2823",2018-09-12,"Benchmark",-0.0615259537210756
"2824",2018-09-13,"Composite",0.0329321729511749
"2825",2018-09-13,"Fund",0.213315769756499
"2826",2018-09-13,"Benchmark",-0.0604127579737336
"2827",2018-09-14,"Composite",0.0291435813341161
"2828",2018-09-14,"Fund",0.213315769756499
"2829",2018-09-14,"Benchmark",-0.0601751094434022
"2830",2018-09-17,"Composite",0.0276798477679252
"2831",2018-09-17,"Fund",0.213315769756499
"2832",2018-09-17,"Benchmark",-0.0602751719824892
"2833",2018-09-18,"Composite",0.0234938102623334
"2834",2018-09-18,"Fund",0.214682226965117
"2835",2018-09-18,"Benchmark",-0.0598248905565979
"2836",2018-09-19,"Composite",0.0193711772111413
"2837",2018-09-19,"Fund",0.213315769756499
"2838",2018-09-19,"Benchmark",-0.0603502188868045
"2839",2018-09-20,"Composite",0.0175101725961664
"2840",2018-09-20,"Fund",0.214682226965117
"2841",2018-09-20,"Benchmark",-0.0606879299562226
"2842",2018-09-21,"Composite",0.0173164324417763
"2843",2018-09-21,"Fund",0.214682226965117
"2844",2018-09-21,"Benchmark",-0.0606879299562226
"2845",2018-09-24,"Composite",0.0166927525803144
"2846",2018-09-24,"Fund",0.214682226965117
"2847",2018-09-24,"Benchmark",-0.0615384615384615
"2848",2018-09-25,"Composite",0.0140923913272459
"2849",2018-09-25,"Fund",0.213315769756499
"2850",2018-09-25,"Benchmark",-0.0618261413383365
"2851",2018-09-26,"Composite",0.0172250239939136
"2852",2018-09-26,"Fund",0.213315769756499
"2853",2018-09-26,"Benchmark",-0.0612883051907444
"2854",2018-09-27,"Composite",0.0170855896664777
"2855",2018-09-27,"Fund",0.213315769756499
"2856",2018-09-27,"Benchmark",-0.0607379612257661
"2857",2018-09-28,"Composite",0.0188380882966603
"2858",2018-09-28,"Fund",0.21976464553289
"2859",2018-09-28,"Benchmark",-0.0605378361475923
"2860",2018-10-01,"Composite",0.0162596230628431
"2861",2018-10-01,"Fund",0.222508832416921
"2862",2018-10-01,"Benchmark",-0.0589743589743591
"2863",2018-10-02,"Composite",0.0194093327933238
"2864",2018-10-02,"Fund",0.222508832416921
"2865",2018-10-02,"Benchmark",-0.0586741713570983
"2866",2018-10-03,"Composite",0.00982852001874379
"2867",2018-10-03,"Fund",0.222508832416921
"2868",2018-10-03,"Benchmark",-0.0590869293308319
"2869",2018-10-04,"Composite",0.0110135728358212
"2870",2018-10-04,"Fund",0.215648145613334
"2871",2018-10-04,"Benchmark",-0.064027517198249
"2872",2018-10-05,"Composite",0.0100116814425237
"2873",2018-10-05,"Fund",0.212904251520648
"2874",2018-10-05,"Benchmark",-0.0658161350844279
"2875",2018-10-09,"Composite",0.0147727213849527
"2876",2018-10-09,"Fund",0.210159918240945
"2877",2018-10-09,"Benchmark",-0.0688680425265793
"2878",2018-10-10,"Composite",0.0151414831297927
"2879",2018-10-10,"Fund",0.206043711112734
"2880",2018-10-10,"Benchmark",-0.0723952470293935
"2881",2018-10-11,"Composite",0.0251633084476042
"2882",2018-10-11,"Fund",0.206043711112734
"2883",2018-10-11,"Benchmark",-0.0724953095684804
"2884",2018-10-12,"Composite",0.0235443566784543
"2885",2018-10-12,"Fund",0.208787897996765
"2886",2018-10-12,"Benchmark",-0.0711569731081928
"2887",2018-10-15,"Composite",0.0207299168967834
"2888",2018-10-15,"Fund",0.207415877752586
"2889",2018-10-15,"Benchmark",-0.0708067542213884
"2890",2018-10-16,"Composite",0.0194568693766368
"2891",2018-10-16,"Fund",0.210159918240945
"2892",2018-10-16,"Benchmark",-0.0693558474046279
"2893",2018-10-17,"Composite",0.0186125260347294
"2894",2018-10-17,"Fund",0.208787897996765
"2895",2018-10-17,"Benchmark",-0.0700562851782364
"2896",2018-10-18,"Composite",0.0216520123083619
"2897",2018-10-18,"Fund",0.206043711112734
"2898",2018-10-18,"Benchmark",-0.0720700437773609
"2899",2018-10-19,"Composite",0.0195436943172989
"2900",2018-10-19,"Fund",0.204671544472882
"2901",2018-10-19,"Benchmark",-0.0730081300813008
"2902",2018-10-22,"Composite",0.0208922560050859
"2903",2018-10-22,"Fund",0.203299524228703
"2904",2018-10-22,"Benchmark",-0.0735084427767354
"2905",2018-10-23,"Composite",0.0268365298080238
"2906",2018-10-23,"Fund",0.197811443251987
"2907",2018-10-23,"Benchmark",-0.0767729831144467
"2908",2018-10-24,"Composite",0.0311055445401043
"2909",2018-10-24,"Fund",0.199183609891838
"2910",2018-10-24,"Benchmark",-0.0763727329580988
"2911",2018-10-25,"Composite",0.0316522660665175
"2912",2018-10-25,"Fund",0.19643956940348
"2913",2018-10-25,"Benchmark",-0.0783989993746093
"2914",2018-10-26,"Composite",0.0385737246201188
"2915",2018-10-26,"Fund",0.192323215879597
"2916",2018-10-26,"Benchmark",-0.0809005628517824
"2917",2018-10-29,"Composite",0.0364367853832586
"2918",2018-10-29,"Fund",0.190951342031091
"2919",2018-10-29,"Benchmark",-0.0809881175734835
"2920",2018-10-30,"Composite",0.0358693400881609
"2921",2018-10-30,"Fund",0.186834988507208
"2922",2018-10-30,"Benchmark",-0.083277048155097
"2923",2018-10-31,"Composite",0.0298510956116043
"2924",2018-10-31,"Fund",0.196206361096931
"2925",2018-10-31,"Benchmark",-0.080850531582239
"2926",2018-11-01,"Composite",0.0284682862179426
"2927",2018-11-01,"Fund",0.197584237168017
"2928",2018-11-01,"Benchmark",-0.0804377736085053
"2929",2018-11-02,"Composite",0.0211681249605551
"2930",2018-11-02,"Fund",0.19896255242612
"2931",2018-11-02,"Benchmark",-0.0796747967479676
"2932",2018-11-05,"Composite",0.0217546444418102
"2933",2018-11-05,"Fund",0.19896255242612
"2934",2018-11-05,"Benchmark",-0.0796372732958101
"2935",2018-11-06,"Composite",0.020493451592617
"2936",2018-11-06,"Fund",0.200340282101533
"2937",2018-11-06,"Benchmark",-0.0787617260787993
"2938",2018-11-07,"Composite",0.0171406544588795
"2939",2018-11-07,"Fund",0.203096766222068
"2940",2018-11-07,"Benchmark",-0.0762976860537836
"2941",2018-11-08,"Composite",0.0161773740266407
"2942",2018-11-08,"Fund",0.203096766222068
"2943",2018-11-08,"Benchmark",-0.0760350218886805
"2944",2018-11-09,"Composite",0.0237066331944407
"2945",2018-11-09,"Fund",0.19896255242612
"2946",2018-11-09,"Benchmark",-0.0798749218261413
"2947",2018-11-13,"Composite",0.0317489027998878
"2948",2018-11-13,"Fund",0.190693978438552
"2949",2018-11-13,"Benchmark",-0.0843402126328955
"2950",2018-11-14,"Composite",0.0362171654671135
"2951",2018-11-14,"Fund",0.187937347922345
"2952",2018-11-14,"Benchmark",-0.0876047529706068
"2953",2018-11-15,"Composite",0.039954165121423
"2954",2018-11-15,"Fund",0.182424818868294
"2955",2018-11-15,"Benchmark",-0.0916572858036273
"2956",2018-11-16,"Composite",0.0450072103472048
"2957",2018-11-16,"Fund",0.179668627539105
"2958",2018-11-16,"Benchmark",-0.0929330831769857
"2959",2018-11-19,"Composite",0.0477182543561092
"2960",2018-11-19,"Fund",0.178290458676674
"2961",2018-11-19,"Benchmark",-0.0945590994371482
"2962",2018-11-20,"Composite",0.0525104917423798
"2963",2018-11-20,"Fund",0.174156244880726
"2964",2018-11-20,"Benchmark",-0.0975859912445279
"2965",2018-11-21,"Composite",0.0491841253780836
"2966",2018-11-21,"Fund",0.178290458676674
"2967",2018-11-21,"Benchmark",-0.0951719824890557
"2968",2018-11-23,"Composite",0.0520318295700606
"2969",2018-11-23,"Fund",0.175534120951812
"2970",2018-11-23,"Benchmark",-0.0966979362101313
"2971",2018-11-26,"Composite",0.049592967729005
"2972",2018-11-26,"Fund",0.175534120951812
"2973",2018-11-26,"Benchmark",-0.0960475297060664
"2974",2018-11-27,"Composite",0.0530821641989674
"2975",2018-11-27,"Fund",0.172778222413968
"2976",2018-11-27,"Benchmark",-0.0979111944965604
"2977",2018-11-28,"Composite",0.0516810718352185
"2978",2018-11-28,"Fund",0.175534120951812
"2979",2018-11-28,"Benchmark",-0.0950719199499688
"2980",2018-11-29,"Composite",0.0505936284717721
"2981",2018-11-29,"Fund",0.176912729001261
"2982",2018-11-29,"Benchmark",-0.0940462789243278
"2983",2018-11-30,"Composite",0.0529366842650734
"2984",2018-11-30,"Fund",0.182173018311317
"2985",2018-11-30,"Benchmark",-0.0941338336460287
"2986",2018-12-03,"Composite",0.0511904671428682
"2987",2018-12-03,"Fund",0.18770984904703
"2988",2018-12-03,"Benchmark",-0.0902814258911822
"2989",2018-12-04,"Composite",0.0601031597319028
"2990",2018-12-04,"Fund",0.184941360481337
"2991",2018-12-04,"Benchmark",-0.0921075672295186
"2992",2018-12-06,"Composite",0.070820622905382
"2993",2018-12-06,"Fund",0.178020065869269
"2994",2018-12-06,"Benchmark",-0.0981863664790494
"2995",2018-12-07,"Composite",0.0712305549709082
"2996",2018-12-07,"Fund",0.179404090558606
"2997",2018-12-07,"Benchmark",-0.0963852407754847
"2998",2018-12-10,"Composite",0.0751822162901561
"2999",2018-12-10,"Fund",0.176635748388586
"3000",2018-12-10,"Benchmark",-0.0990368980612885
"3001",2018-12-11,"Composite",0.0725120036192608
"3002",2018-12-11,"Fund",0.179404090558606
"3003",2018-12-11,"Benchmark",-0.0975609756097561
"3004",2018-12-12,"Composite",0.0671805348854322
"3005",2018-12-12,"Fund",0.182173018311317
"3006",2018-12-12,"Benchmark",-0.0952595372107568
"3007",2018-12-13,"Composite",0.0661971929536098
"3008",2018-12-13,"Fund",0.182173018311317
"3009",2018-12-13,"Benchmark",-0.0949843652282679
"3010",2018-12-14,"Composite",0.0706480963055651
"3011",2018-12-14,"Fund",0.179404090558606
"3012",2018-12-14,"Benchmark",-0.0967854909318324
"3013",2018-12-17,"Composite",0.0753683697901053
"3014",2018-12-17,"Fund",0.175251284512231
"3015",2018-12-17,"Benchmark",-0.0995121951219513
"3016",2018-12-18,"Composite",0.0814238549753041
"3017",2018-12-18,"Fund",0.171098771257201
"3018",2018-12-18,"Benchmark",-0.10317698561601
"3019",2018-12-19,"Composite",0.085851316251299
"3020",2018-12-19,"Fund",0.164177037458114
"3021",2018-12-19,"Benchmark",-0.106078799249531
"3022",2018-12-20,"Composite",0.0906952820824021
"3023",2018-12-20,"Fund",0.150334448233978
"3024",2018-12-20,"Benchmark",-0.116147592245153
"3025",2018-12-21,"Composite",0.0919673644357797
"3026",2018-12-21,"Fund",0.147565813272612
"3027",2018-12-21,"Benchmark",-0.119537210756723
"3028",2018-12-24,"Composite",0.0974138630460926
"3029",2018-12-24,"Fund",0.143413007226237
"3030",2018-12-24,"Benchmark",-0.122076297686054
"3031",2018-12-27,"Composite",0.0988915931739476
"3032",2018-12-27,"Fund",0.142869000906628
"3033",2018-12-27,"Benchmark",-0.123114446529081
"3034",2018-12-28,"Composite",0.0957475260785015
"3035",2018-12-28,"Fund",0.147040106412087
"3036",2018-12-28,"Benchmark",-0.120112570356473
"3037",2018-12-31,"Composite",0.0991195523850021
"3038",2018-12-31,"Fund",0.154025815120126
"3039",2018-12-31,"Benchmark",-0.118974358974359
"3040",2019-01-02,"Composite",0.103342913841718
"3041",2019-01-02,"Fund",0.154025815120126
"3042",2019-01-02,"Benchmark",-0.118611632270169
"3043",2019-01-03,"Composite",0.113870120652545
"3044",2019-01-03,"Fund",0.15542286902433
"3045",2019-01-03,"Benchmark",-0.117748592870544
"3046",2019-01-04,"Composite",0.0970071607181897
"3047",2019-01-04,"Fund",0.170791340344612
"3048",2019-01-04,"Benchmark",-0.1082301438399
"3049",2019-01-07,"Composite",0.0903999242690019
"3050",2019-01-07,"Fund",0.179173956561183
"3051",2019-01-07,"Benchmark",-0.101826141338337
"3052",2019-01-08,"Composite",0.084806369272681
"3053",2019-01-08,"Fund",0.18615951887355
"3054",2019-01-08,"Benchmark",-0.0973233270794248
"3055",2019-01-09,"Composite",0.0792377966060234
"3056",2019-01-09,"Fund",0.193145227581589
"3057",2019-01-09,"Benchmark",-0.0928330206378987
"3058",2019-01-10,"Composite",0.0780845535574191
"3059",2019-01-10,"Fund",0.191748027281712
"3060",2019-01-10,"Benchmark",-0.0932582864290182
"3061",2019-01-11,"Composite",0.0796921448352876
"3062",2019-01-11,"Fund",0.191748027281712
"3063",2019-01-11,"Benchmark",-0.0925703564727954
"3064",2019-01-14,"Composite",0.0798674515732516
"3065",2019-01-14,"Fund",0.188953919473304
"3066",2019-01-14,"Benchmark",-0.09458411507192
"3067",2019-01-15,"Composite",0.0793163103585777
"3068",2019-01-15,"Fund",0.190350826981835
"3069",2019-01-15,"Benchmark",-0.0931957473420889
"3070",2019-01-16,"Composite",0.0755231697958985
"3071",2019-01-16,"Fund",0.193145227581589
"3072",2019-01-16,"Benchmark",-0.090569105691057
"3073",2019-01-17,"Composite",0.0738232754578896
"3074",2019-01-17,"Fund",0.193145227581589
"3075",2019-01-17,"Benchmark",-0.0901938711694809
"3076",2019-01-18,"Composite",0.0669857897906809
"3077",2019-01-18,"Fund",0.197336682085547
"3078",2019-01-18,"Benchmark",-0.0874046278924329
"3079",2019-01-22,"Composite",0.0728088393201187
"3080",2019-01-22,"Fund",0.194542281485793
"3081",2019-01-22,"Benchmark",-0.0897686053783615
"3082",2019-01-23,"Composite",0.0701539800777313
"3083",2019-01-23,"Fund",0.193145227581589
"3084",2019-01-23,"Benchmark",-0.0901688555347093
"3085",2019-01-24,"Composite",0.0742200357151674
"3086",2019-01-24,"Fund",0.193145227581589
"3087",2019-01-24,"Benchmark",-0.0907942464040026
"3088",2019-01-25,"Composite",0.0684852099215842
"3089",2019-01-25,"Fund",0.195939335389997
"3090",2019-01-25,"Benchmark",-0.0887054409005629
"3091",2019-01-28,"Composite",0.0706431552329949
"3092",2019-01-28,"Fund",0.193145227581589
"3093",2019-01-28,"Benchmark",-0.0906691682301438
"3094",2019-01-29,"Composite",0.0729564614869449
"3095",2019-01-29,"Fund",0.194542281485793
"3096",2019-01-29,"Benchmark",-0.0894684177611008
"3097",2019-01-30,"Composite",0.072784878512812
"3098",2019-01-30,"Fund",0.197336682085547
"3099",2019-01-30,"Benchmark",-0.0874546591619765
"3100",2019-01-31,"Composite",0.0738600403683747
"3101",2019-01-31,"Fund",0.208565962157011
"3102",2019-01-31,"Benchmark",-0.083464665415885
"3103",2019-02-01,"Composite",0.068108956677611
"3104",2019-02-01,"Fund",0.209969603866485
"3105",2019-02-01,"Benchmark",-0.0825265791119451
"3106",2019-02-04,"Composite",0.0653370639798634
"3107",2019-02-04,"Fund",0.211373245575959
"3108",2019-02-04,"Benchmark",-0.0820012507817386
"3109",2019-02-05,"Composite",0.0647670825810123
"3110",2019-02-05,"Fund",0.215584463495727
"3111",2019-02-05,"Benchmark",-0.0785741088180112
"3112",2019-02-06,"Composite",0.0647676242272055
"3113",2019-02-06,"Fund",0.216988105205201
"3114",2019-02-06,"Benchmark",-0.0778361475922452
"3115",2019-02-07,"Composite",0.0724872506004255
"3116",2019-02-07,"Fund",0.212777180076779
"3117",2019-02-07,"Benchmark",-0.0813508442776737
"3118",2019-02-08,"Composite",0.0764952336781723
"3119",2019-02-08,"Fund",0.212777180076779
"3120",2019-02-08,"Benchmark",-0.0822263914946841
"3121",2019-02-11,"Composite",0.0742854815976333
"3122",2019-02-11,"Fund",0.212777180076779
"3123",2019-02-11,"Benchmark",-0.0820512820512822
"3124",2019-02-12,"Composite",0.0700976955844486
"3125",2019-02-12,"Fund",0.216988105205201
"3126",2019-02-12,"Benchmark",-0.0793245778611632
"3127",2019-02-13,"Composite",0.066748292287772
"3128",2019-02-13,"Fund",0.216988105205201
"3129",2019-02-13,"Benchmark",-0.0790494058786743
"3130",2019-02-14,"Composite",0.0713740366709021
"3131",2019-02-14,"Fund",0.216988105205201
"3132",2019-02-14,"Benchmark",-0.0792370231394623
"3133",2019-02-15,"Composite",0.0696762367621107
"3134",2019-02-15,"Fund",0.21839203970602
"3135",2019-02-15,"Benchmark",-0.0777986241400875
"3136",2019-02-19,"Composite",0.0696324583969856
"3137",2019-02-19,"Fund",0.219795535019821
"3138",2019-02-19,"Benchmark",-0.0775359599749844
"3139",2019-02-20,"Composite",0.0677465795012164
"3140",2019-02-20,"Fund",0.221199030333623
"3141",2019-02-20,"Benchmark",-0.0763602251407131
"3142",2019-02-21,"Composite",0.0642121245965979
"3143",2019-02-21,"Fund",0.221199030333623
"3144",2019-02-21,"Benchmark",-0.0763852407754847
"3145",2019-02-22,"Composite",0.0665428278157407
"3146",2019-02-22,"Fund",0.222602818438769
"3147",2019-02-22,"Benchmark",-0.0757098186366479
"3148",2019-02-25,"Composite",0.0637341340973443
"3149",2019-02-25,"Fund",0.224006460148243
"3150",2019-02-25,"Benchmark",-0.0745966228893059
"3151",2019-02-26,"Composite",0.0651732398241185
"3152",2019-02-26,"Fund",0.224006460148243
"3153",2019-02-26,"Benchmark",-0.0739086929330833
"3154",2019-02-27,"Composite",0.0590808858252327
"3155",2019-02-27,"Fund",0.22541024825339
"3156",2019-02-27,"Benchmark",-0.073020637898687
"3157",2019-02-28,"Composite",0.0573861548138903
"3158",2019-02-28,"Fund",0.230201339432567
"3159",2019-02-28,"Benchmark",-0.0729205753595997
"3160",2019-03-01,"Composite",0.0533301436916986
"3161",2019-03-01,"Fund",0.230201339432567
"3162",2019-03-01,"Benchmark",-0.0726704190118825
"3163",2019-03-04,"Composite",0.0571983869586377
"3164",2019-03-04,"Fund",0.228792281083205
"3165",2019-03-04,"Benchmark",-0.0731457160725454
"3166",2019-03-05,"Composite",0.0577376572597013
"3167",2019-03-05,"Fund",0.227382929942497
"3168",2019-03-05,"Benchmark",-0.0736710444027519
"3169",2019-03-06,"Composite",0.0608072408912197
"3170",2019-03-06,"Fund",0.225973725197462
"3171",2019-03-06,"Benchmark",-0.0747967479674798
"3172",2019-03-07,"Composite",0.0689691756750836
"3173",2019-03-07,"Fund",0.224564813243772
"3174",2019-03-07,"Benchmark",-0.0765478424015011
"3175",2019-03-08,"Composite",0.0735622598641645
"3176",2019-03-08,"Fund",0.221746403753702
"3177",2019-03-08,"Benchmark",-0.0788367729831144
"3178",2019-03-11,"Composite",0.06921351047858
"3179",2019-03-11,"Fund",0.22315575489441
"3180",2019-03-11,"Benchmark",-0.0776235146966855
"3181",2019-03-12,"Composite",0.0713035940674254
"3182",2019-03-12,"Fund",0.225973725197462
"3183",2019-03-12,"Benchmark",-0.0757348342714198
"3184",2019-03-13,"Composite",0.0684889152027945
"3185",2019-03-13,"Fund",0.227382929942497
"3186",2019-03-13,"Benchmark",-0.073746091307067
"3187",2019-03-14,"Composite",0.0644860874312816
"3188",2019-03-14,"Fund",0.228792281083205
"3189",2019-03-14,"Benchmark",-0.0731582238899312
"3190",2019-03-15,"Composite",0.0657052085023972
"3191",2019-03-15,"Fund",0.228792281083205
"3192",2019-03-15,"Benchmark",-0.0726078799249533
"3193",2019-03-18,"Composite",0.0645419956357194
"3194",2019-03-18,"Fund",0.230201339432567
"3195",2019-03-18,"Benchmark",-0.0725828642901813
"3196",2019-03-19,"Composite",0.0619325136705784
"3197",2019-03-19,"Fund",0.230201339432567
"3198",2019-03-19,"Benchmark",-0.0717573483427143
"3199",2019-03-20,"Composite",0.0698589242054699
"3200",2019-03-20,"Fund",0.231610544177602
"3201",2019-03-20,"Benchmark",-0.0715322076297688
"3202",2019-03-21,"Composite",0.0697307029772876
"3203",2019-03-21,"Fund",0.234428807272
"3204",2019-03-21,"Benchmark",-0.0698311444652908
"3205",2019-03-22,"Composite",0.0814716163027978
"3206",2019-03-22,"Fund",0.231610544177602
"3207",2019-03-22,"Benchmark",-0.0713696060037524
"3208",2019-03-25,"Composite",0.0870220448785923
"3209",2019-03-25,"Fund",0.230201339432567
"3210",2019-03-25,"Benchmark",-0.0726579111944965
"3211",2019-03-26,"Composite",0.0860555917015817
"3212",2019-03-26,"Fund",0.231610544177602
"3213",2019-03-26,"Benchmark",-0.0710068792995624
"3214",2019-03-27,"Composite",0.0918091917002781
"3215",2019-03-27,"Fund",0.231610544177602
"3216",2019-03-27,"Benchmark",-0.0709193245778613
"3217",2019-03-28,"Composite",0.0918033758576007
"3218",2019-03-28,"Fund",0.231610544177602
"3219",2019-03-28,"Benchmark",-0.0706566604127581
"3220",2019-03-29,"Composite",0.0876793287848465
"3221",2019-03-29,"Fund",0.237130832202305
"3222",2019-03-29,"Benchmark",-0.068780487804878
"3223",2019-04-01,"Composite",0.0770495900701804
"3224",2019-04-01,"Fund",0.239961685324551
"3225",2019-04-01,"Benchmark",-0.067204502814259
"3226",2019-04-02,"Composite",0.0780850071405417
"3227",2019-04-02,"Fund",0.239961685324551
"3228",2019-04-02,"Benchmark",-0.0670043777360851
"3229",2019-04-03,"Composite",0.0718597239983192
"3230",2019-04-03,"Fund",0.241377477874856
"3231",2019-04-03,"Benchmark",-0.0659537210756723
"3232",2019-04-04,"Composite",0.0735531821178168
"3233",2019-04-04,"Fund",0.241377477874856
"3234",2019-04-04,"Benchmark",-0.0659787367104442
"3235",2019-04-05,"Composite",0.073613103812517
"3236",2019-04-05,"Fund",0.24279268484247
"3237",2019-04-05,"Benchmark",-0.0646779237023141
"3238",2019-04-08,"Composite",0.0718305333860554
"3239",2019-04-08,"Fund",0.24420818460143
"3240",2019-04-08,"Benchmark",-0.0643277048155098
"3241",2019-04-09,"Composite",0.0739063111264739
"3242",2019-04-09,"Fund",0.24420818460143
"3243",2019-04-09,"Benchmark",-0.0643652282676674
"3244",2019-04-10,"Composite",0.0750359499119022
"3245",2019-04-10,"Fund",0.24420818460143
"3246",2019-04-10,"Benchmark",-0.0637773608505317
"3247",2019-04-11,"Composite",0.0717368636270641
"3248",2019-04-11,"Fund",0.247039330515022
"3249",2019-04-11,"Benchmark",-0.0622263914946841
"3250",2019-04-15,"Composite",0.0660167250623285
"3251",2019-04-15,"Fund",0.248454391086963
"3252",2019-04-15,"Benchmark",-0.0608380237648533
"3253",2019-04-16,"Composite",0.0622282520955537
"3254",2019-04-16,"Fund",0.248454391086963
"3255",2019-04-16,"Benchmark",-0.0603377110694183
"3256",2019-04-17,"Composite",0.0627515096498978
"3257",2019-04-17,"Fund",0.248454391086963
"3258",2019-04-17,"Benchmark",-0.0610756722951845
"3259",2019-04-18,"Composite",0.0676241229409824
"3260",2019-04-18,"Fund",0.248454391086963
"3261",2019-04-18,"Benchmark",-0.061676047529706
"3262",2019-04-23,"Composite",0.0667576715502518
"3263",2019-04-23,"Fund",0.248454391086963
"3264",2019-04-23,"Benchmark",-0.0614008755472172
"3265",2019-04-24,"Composite",0.0727378937501706
"3266",2019-04-24,"Fund",0.249870183637268
"3267",2019-04-24,"Benchmark",-0.0606504065040652
"3268",2019-04-25,"Composite",0.0741526193223125
"3269",2019-04-25,"Fund",0.248454391086963
"3270",2019-04-25,"Benchmark",-0.0614759224515324
"3271",2019-04-26,"Composite",0.0766614925768263
"3272",2019-04-26,"Fund",0.248454391086963
"3273",2019-04-26,"Benchmark",-0.0612757973733584
"3274",2019-04-29,"Composite",0.0730520903457852
"3275",2019-04-29,"Fund",0.248454391086963
"3276",2019-04-29,"Benchmark",-0.0609255784865541
"3277",2019-04-30,"Composite",0.0750303151312177
"3278",2019-04-30,"Fund",0.255135596795867
"3279",2019-04-30,"Benchmark",-0.0606128830519075
"3280",2019-05-01,"Composite",0.0744275462919812
"3281",2019-05-01,"Fund",0.255135596795867
"3282",2019-05-01,"Benchmark",-0.0603377110694183
"3283",2019-05-02,"Composite",0.0723717727409727
"3284",2019-05-02,"Fund",0.252292885624135
"3285",2019-05-02,"Benchmark",-0.0622013758599125
"3286",2019-05-03,"Composite",0.0724798868592336
"3287",2019-05-03,"Fund",0.253713948418656
"3288",2019-05-03,"Benchmark",-0.0611006879299563
"3289",2019-05-07,"Composite",0.0835039891917029
"3290",2019-05-07,"Fund",0.250871237246924
"3291",2019-05-07,"Benchmark",-0.0639399624765479
"3292",2019-05-08,"Composite",0.0814902668113513
"3293",2019-05-08,"Fund",0.249449881661058
"3294",2019-05-08,"Benchmark",-0.0642651657285804
"3295",2019-05-09,"Composite",0.0862537518397899
"3296",2019-05-09,"Fund",0.246606877697981
"3297",2019-05-09,"Benchmark",-0.0669918699186992
"3298",2019-05-10,"Composite",0.0865717285495178
"3299",2019-05-10,"Fund",0.246606877697981
"3300",2019-05-10,"Benchmark",-0.0674046278924328
"3301",2019-05-13,"Composite",0.0957889487974877
"3302",2019-05-13,"Fund",0.242342518149038
"3303",2019-05-13,"Benchmark",-0.0715572232645405
"3304",2019-05-14,"Composite",0.093182131799264
"3305",2019-05-14,"Fund",0.243764020130576
"3306",2019-05-14,"Benchmark",-0.0700187617260789
"3307",2019-05-15,"Composite",0.0969199837995871
"3308",2019-05-15,"Fund",0.243764020130576
"3309",2019-05-15,"Benchmark",-0.0706691682301439
"3310",2019-05-16,"Composite",0.093199356916067
"3311",2019-05-16,"Fund",0.246606877697981
"3312",2019-05-16,"Benchmark",-0.0687429643527205
"3313",2019-05-17,"Composite",0.0953334251078806
"3314",2019-05-17,"Fund",0.245185522112115
"3315",2019-05-17,"Benchmark",-0.0689931207004378
"3316",2019-05-20,"Composite",0.094095151578363
"3317",2019-05-20,"Fund",0.245185522112115
"3318",2019-05-20,"Benchmark",-0.0695934959349596
"3319",2019-05-21,"Composite",0.0907176140688024
"3320",2019-05-21,"Fund",0.248028379679519
"3321",2019-05-21,"Benchmark",-0.0679924953095686
"3322",2019-05-22,"Composite",0.0948013522214959
"3323",2019-05-22,"Fund",0.246606877697981
"3324",2019-05-22,"Benchmark",-0.0687054409005629
"3325",2019-05-23,"Composite",0.108013200510171
"3326",2019-05-23,"Fund",0.242342518149038
"3327",2019-05-23,"Benchmark",-0.0717448405253284
"3328",2019-05-24,"Composite",0.103346403389867
"3329",2019-05-24,"Fund",0.243764020130576
"3330",2019-05-24,"Benchmark",-0.0712445278298937
"3331",2019-05-28,"Composite",0.110093049228432
"3332",2019-05-28,"Fund",0.243764020130576
"3333",2019-05-28,"Benchmark",-0.0712945590994373
"3334",2019-05-29,"Composite",0.116884040596252
"3335",2019-05-29,"Fund",0.239499953372978
"3336",2019-05-29,"Benchmark",-0.0747842401500939
"3337",2019-05-30,"Composite",0.11746667501992
"3338",2019-05-30,"Fund",0.239499953372978
"3339",2019-05-30,"Benchmark",-0.0737335834896811
"3340",2019-05-31,"Composite",0.129739358449709
"3341",2019-05-31,"Fund",0.240784429004906
"3342",2019-05-31,"Benchmark",-0.0774108818011259
"3343",2019-06-03,"Composite",0.136663710465738
"3344",2019-06-03,"Fund",0.240784429004906
"3345",2019-06-03,"Benchmark",-0.0783114446529082
"3346",2019-06-04,"Composite",0.128575527838503
"3347",2019-06-04,"Fund",0.245068551969658
"3348",2019-06-04,"Benchmark",-0.0747217010631647
"3349",2019-06-05,"Composite",0.126257482037272
"3350",2019-06-05,"Fund",0.246495909778104
"3351",2019-06-05,"Benchmark",-0.073370856785491
"3352",2019-06-06,"Composite",0.124349781012143
"3353",2019-06-06,"Fund",0.247923999564912
"3354",2019-06-06,"Benchmark",-0.0724452782989369
"3355",2019-06-07,"Composite",0.125316653904928
"3356",2019-06-07,"Fund",0.250779593555838
"3357",2019-06-07,"Benchmark",-0.0695809881175736
"3358",2019-06-10,"Composite",0.117991568305376
"3359",2019-06-10,"Fund",0.255063277333573
"3360",2019-06-10,"Benchmark",-0.0670794246404003
"3361",2019-06-11,"Composite",0.11684940589139
"3362",2019-06-11,"Fund",0.256490927933363
"3363",2019-06-11,"Benchmark",-0.0661288305190746
"3364",2019-06-12,"Composite",0.118209855321813
"3365",2019-06-12,"Fund",0.255063277333573
"3366",2019-06-12,"Benchmark",-0.0672795497185742
"3367",2019-06-13,"Composite",0.122581250374889
"3368",2019-06-13,"Fund",0.255063277333573
"3369",2019-06-13,"Benchmark",-0.0668792995622264
"3370",2019-06-14,"Composite",0.123870617555762
"3371",2019-06-14,"Fund",0.255063277333573
"3372",2019-06-14,"Benchmark",-0.0673671044402752
"3373",2019-06-17,"Composite",0.124771397528097
"3374",2019-06-17,"Fund",0.253635187546764
"3375",2019-06-17,"Benchmark",-0.067679799874922
"3376",2019-06-18,"Composite",0.123949211945659
"3377",2019-06-18,"Fund",0.257918871324499
"3378",2019-06-18,"Benchmark",-0.0649155722326453
"3379",2019-06-19,"Composite",0.126081477488191
"3380",2019-06-19,"Fund",0.259346375528617
"3381",2019-06-19,"Benchmark",-0.0636898061288306
"3382",2019-06-20,"Composite",0.122871221341446
"3383",2019-06-20,"Fund",0.266485653297277
"3384",2019-06-20,"Benchmark",-0.0591369606003752
"3385",2019-06-21,"Composite",0.116823351369032
"3386",2019-06-21,"Fund",0.267913596688413
"3387",2019-06-21,"Benchmark",-0.0583989993746091
"3388",2019-06-24,"Composite",0.121200883147736
"3389",2019-06-24,"Fund",0.266485653297277
"3390",2019-06-24,"Benchmark",-0.0584115071919951
"3391",2019-06-25,"Composite",0.125072220857799
"3392",2019-06-25,"Fund",0.265057856301814
"3393",2019-06-25,"Benchmark",-0.0601375859912447
"3394",2019-06-26,"Composite",0.11964853835178
"3395",2019-06-26,"Fund",0.265057856301814
"3396",2019-06-26,"Benchmark",-0.0606754221388368
"3397",2019-06-27,"Composite",0.123735046959814
"3398",2019-06-27,"Fund",0.265057856301814
"3399",2019-06-27,"Benchmark",-0.0607254534083803
"3400",2019-06-28,"Composite",0.122670510500456
"3401",2019-06-28,"Fund",0.270363089083377
"3402",2019-06-28,"Benchmark",-0.0596998123827391
"3403",2019-07-01,"Composite",0.116611368203879
"3404",2019-07-01,"Fund",0.271796741905747
"3405",2019-07-01,"Benchmark",-0.0581863664790495
"3406",2019-07-02,"Composite",0.121898581276685
"3407",2019-07-02,"Fund",0.271796741905747
"3408",2019-07-02,"Benchmark",-0.0586866791744842
"3409",2019-07-03,"Composite",0.123648208201237
"3410",2019-07-03,"Fund",0.271796741905747
"3411",2019-07-03,"Benchmark",-0.0580612883051908
"3412",2019-07-05,"Composite",0.115427326682395
"3413",2019-07-05,"Fund",0.270363089083377
"3414",2019-07-05,"Benchmark",-0.0588117573483428
"3415",2019-07-08,"Composite",0.118134900621907
"3416",2019-07-08,"Fund",0.268929436261008
"3417",2019-07-08,"Benchmark",-0.0594496560350219
"3418",2019-07-09,"Composite",0.117709020181223
"3419",2019-07-09,"Fund",0.268929436261008
"3420",2019-07-09,"Benchmark",-0.0608880550343964
"3421",2019-07-10,"Composite",0.116483128237818
"3422",2019-07-10,"Fund",0.270363089083377
"3423",2019-07-10,"Benchmark",-0.0594746716697936
"3424",2019-07-11,"Composite",0.110954646863661
"3425",2019-07-11,"Fund",0.268929436261008
"3426",2019-07-11,"Benchmark",-0.0602501563477175
"3427",2019-07-12,"Composite",0.11183350030051
"3428",2019-07-12,"Fund",0.268929436261008
"3429",2019-07-12,"Benchmark",-0.0602251407129457
"3430",2019-07-15,"Composite",0.113273562959816
"3431",2019-07-15,"Fund",0.270363089083377
"3432",2019-07-15,"Benchmark",-0.0600250156347719
"3433",2019-07-16,"Composite",0.111056747605672
"3434",2019-07-16,"Fund",0.268929436261008
"3435",2019-07-16,"Benchmark",-0.0601250781738587
"3436",2019-07-17,"Composite",0.117369319179637
"3437",2019-07-17,"Fund",0.26749534425162
"3438",2019-07-17,"Benchmark",-0.0609255784865541
"3439",2019-07-18,"Composite",0.121553000151417
"3440",2019-07-18,"Fund",0.264627599419863
"3441",2019-07-18,"Benchmark",-0.0630769230769231
"3442",2019-07-19,"Composite",0.119062640527703
"3443",2019-07-19,"Fund",0.266061545033578
"3444",2019-07-19,"Benchmark",-0.062901813633521
"3445",2019-07-22,"Composite",0.119548888743909
"3446",2019-07-22,"Fund",0.266061545033578
"3447",2019-07-22,"Benchmark",-0.0625891181988744
"3448",2019-07-23,"Composite",0.115447226862008
"3449",2019-07-23,"Fund",0.26749534425162
"3450",2019-07-23,"Benchmark",-0.0614383989993748
"3451",2019-07-24,"Composite",0.116996399611384
"3452",2019-07-24,"Fund",0.268929436261008
"3453",2019-07-24,"Benchmark",-0.0604377736085056
"3454",2019-07-25,"Composite",0.113900057851569
"3455",2019-07-25,"Fund",0.270363089083377
"3456",2019-07-25,"Benchmark",-0.0600375234521576
"3457",2019-07-26,"Composite",0.113169008305263
"3458",2019-07-26,"Fund",0.270363089083377
"3459",2019-07-26,"Benchmark",-0.0593245778611632
"3460",2019-07-29,"Composite",0.115497781826357
"3461",2019-07-29,"Fund",0.270363089083377
"3462",2019-07-29,"Benchmark",-0.0595622263914947
"3463",2019-07-30,"Composite",0.116690328356146
"3464",2019-07-30,"Fund",0.268929436261008
"3465",2019-07-30,"Benchmark",-0.0607129455909945
"3466",2019-07-31,"Composite",0.119178618420742
"3467",2019-07-31,"Fund",0.275985854078942
"3468",2019-07-31,"Benchmark",-0.0597748592870544
"3469",2019-08-01,"Composite",0.135575965460978
"3470",2019-08-01,"Fund",0.273105812010682
"3471",2019-08-01,"Benchmark",-0.0609631019387117
"3472",2019-08-02,"Composite",0.143111101063011
"3473",2019-08-02,"Fund",0.270225330755403
"3474",2019-08-02,"Benchmark",-0.0636647904940589
"3475",2019-08-05,"Composite",0.162603443505992
"3476",2019-08-05,"Fund",0.260144231944619
"3477",2019-08-05,"Benchmark",-0.0707817385866168
"3478",2019-08-06,"Composite",0.16338616517823
"3479",2019-08-06,"Fund",0.261584472572258
"3480",2019-08-06,"Benchmark",-0.06916823014384
"3481",2019-08-07,"Composite",0.170282805027779
"3482",2019-08-07,"Fund",0.260144231944619
"3483",2019-08-07,"Benchmark",-0.0717823639774861
"3484",2019-08-08,"Composite",0.163222390419413
"3485",2019-08-08,"Fund",0.265904901663831
"3486",2019-08-08,"Benchmark",-0.0675046904315197
"3487",2019-08-09,"Composite",0.162167554506965
"3488",2019-08-09,"Fund",0.265904901663831
"3489",2019-08-09,"Benchmark",-0.067942464040025
"3490",2019-08-12,"Composite",0.180566206871695
"3491",2019-08-12,"Fund",0.264464514640519
"3492",2019-08-12,"Benchmark",-0.0688930581613508
"3493",2019-08-13,"Composite",0.17740924432469
"3494",2019-08-13,"Fund",0.265904901663831
"3495",2019-08-13,"Benchmark",-0.0672920575359599
"3496",2019-08-14,"Composite",0.193900168465507
"3497",2019-08-14,"Fund",0.260144231944619
"3498",2019-08-14,"Benchmark",-0.0719324577861165
"3499",2019-08-15,"Composite",0.200994020413074
"3500",2019-08-15,"Fund",0.260144231944619
"3501",2019-08-15,"Benchmark",-0.0719324577861165
"3502",2019-08-16,"Composite",0.197283267332038
"3503",2019-08-16,"Fund",0.263024566804225
"3504",2019-08-16,"Benchmark",-0.0704815509693559
"3505",2019-08-19,"Composite",0.188369260327339
"3506",2019-08-19,"Fund",0.265904901663831
"3507",2019-08-19,"Benchmark",-0.0684928080050031
"3508",2019-08-20,"Composite",0.192976128025464
"3509",2019-08-20,"Fund",0.267344995895797
"3510",2019-08-20,"Benchmark",-0.0675922451532207
"3511",2019-08-21,"Composite",0.187656456797151
"3512",2019-08-21,"Fund",0.270225330755403
"3513",2019-08-21,"Benchmark",-0.0647904940587869
"3514",2019-08-22,"Composite",0.181796671655541
"3515",2019-08-22,"Fund",0.271665571383042
"3516",2019-08-22,"Benchmark",-0.0636772983114449
"3517",2019-08-23,"Composite",0.19154077991079
"3518",2019-08-23,"Fund",0.270225330755403
"3519",2019-08-23,"Benchmark",-0.064765478424015
"3520",2019-08-27,"Composite",0.196611508226813
"3521",2019-08-27,"Fund",0.273105812010682
"3522",2019-08-27,"Benchmark",-0.0636022514071296
"3523",2019-08-28,"Composite",0.199989867604593
"3524",2019-08-28,"Fund",0.274545906242648
"3525",2019-08-28,"Benchmark",-0.0627392120075049
"3526",2019-08-29,"Composite",0.19477962768783
"3527",2019-08-29,"Fund",0.277426241102254
"3528",2019-08-29,"Benchmark",-0.0612632895559726
"3529",2019-08-30,"Composite",0.196600053145206
"3530",2019-08-30,"Fund",0.281330906483469
"3531",2019-08-30,"Benchmark",-0.0609631019387117
"3532",2019-09-03,"Composite",0.201957541220722
"3533",2019-09-03,"Fund",0.279884663633251
"3534",2019-09-03,"Benchmark",-0.062801751094434
"3535",2019-09-04,"Composite",0.199094863870375
"3536",2019-09-04,"Fund",0.281330906483469
"3537",2019-09-04,"Benchmark",-0.0616885553470921
"3538",2019-09-05,"Composite",0.183981499630081
"3539",2019-09-05,"Fund",0.284223245788233
"3540",2019-09-05,"Benchmark",-0.0602501563477175
"3541",2019-09-06,"Composite",0.185819665701619
"3542",2019-09-06,"Fund",0.285669635034124
"3543",2019-09-06,"Benchmark",-0.0595622263914947
"3544",2019-09-09,"Composite",0.176878208085021
"3545",2019-09-09,"Fund",0.287115585092997
"3546",2019-09-09,"Benchmark",-0.0588492808005003
"3547",2019-09-10,"Composite",0.167208462132144
"3548",2019-09-10,"Fund",0.287115585092997
"3549",2019-09-10,"Benchmark",-0.0581738586616636
"3550",2019-09-11,"Composite",0.164104980615131
"3551",2019-09-11,"Fund",0.285669635034124
"3552",2019-09-11,"Benchmark",-0.058611632270169
"3553",2019-09-12,"Composite",0.156333784335541
"3554",2019-09-12,"Fund",0.284223245788233
"3555",2019-09-12,"Benchmark",-0.0581113195747344
"3556",2019-09-13,"Composite",0.143630289613045
"3557",2019-09-13,"Fund",0.282777149333687
"3558",2019-09-13,"Benchmark",-0.0593245778611632
"3559",2019-09-16,"Composite",0.151228974044299
"3560",2019-09-16,"Fund",0.290007924397761
"3561",2019-09-16,"Benchmark",-0.0573358348968106
"3562",2019-09-17,"Composite",0.153326851282121
"3563",2019-09-17,"Fund",0.288561974338888
"3564",2019-09-17,"Benchmark",-0.0575484677923703
"3565",2019-09-18,"Composite",0.155789578123826
"3566",2019-09-18,"Fund",0.290007924397761
"3567",2019-09-18,"Benchmark",-0.0580988117573484
"3568",2019-09-19,"Composite",0.157320288879029
"3569",2019-09-19,"Fund",0.290007924397761
"3570",2019-09-19,"Benchmark",-0.0576985616010007
"3571",2019-09-20,"Composite",0.159624982454705
"3572",2019-09-20,"Fund",0.290007924397761
"3573",2019-09-20,"Benchmark",-0.0578361475922452
"3574",2019-09-23,"Composite",0.166528033850859
"3575",2019-09-23,"Fund",0.288561974338888
"3576",2019-09-23,"Benchmark",-0.0581863664790495
"3577",2019-09-24,"Composite",0.174941109585916
"3578",2019-09-24,"Fund",0.288561974338888
"3579",2019-09-24,"Benchmark",-0.0584615384615387
"3580",2019-09-25,"Composite",0.167297831640607
"3581",2019-09-25,"Fund",0.285669635034124
"3582",2019-09-25,"Benchmark",-0.0606378986866792
"3583",2019-09-26,"Composite",0.172357485173586
"3584",2019-09-26,"Fund",0.285669635034124
"3585",2019-09-26,"Benchmark",-0.0612007504690433
"3586",2019-09-27,"Composite",0.173032300654054
"3587",2019-09-27,"Fund",0.284223245788233
"3588",2019-09-27,"Benchmark",-0.0622013758599125
"3589",2019-09-30,"Composite",0.174305555656735
"3590",2019-09-30,"Fund",0.289450742467613
"3591",2019-09-30,"Benchmark",-0.0628893058161353
"3592",2019-10-01,"Composite",0.178579453851654
"3593",2019-10-01,"Fund",0.287998643790488
"3594",2019-10-01,"Benchmark",-0.0637023139462165
"3595",2019-10-02,"Composite",0.188089620927808
"3596",2019-10-02,"Fund",0.282190395477662
"3597",2019-10-02,"Benchmark",-0.0678799249530959
"3598",2019-10-03,"Composite",0.19633954921174
"3599",2019-10-03,"Fund",0.282190395477662
"3600",2019-10-03,"Benchmark",-0.0689555972482804
"3601",2019-10-04,"Composite",0.197318326656428
"3602",2019-10-04,"Fund",0.283642494154787
"3603",2019-10-04,"Benchmark",-0.0676422764227643
"3604",2019-10-07,"Composite",0.191820810955194
"3605",2019-10-07,"Fund",0.283642494154787
"3606",2019-10-07,"Benchmark",-0.067579737335835
"3607",2019-10-08,"Composite",0.196290227585565
"3608",2019-10-08,"Fund",0.280738150404864
"3609",2019-10-08,"Benchmark",-0.0693933708567855
"3610",2019-10-09,"Composite",0.190219657614391
"3611",2019-10-09,"Fund",0.282190395477662
"3612",2019-10-09,"Benchmark",-0.0684677923702315
"3613",2019-10-10,"Composite",0.179884023624907
"3614",2019-10-10,"Fund",0.282190395477662
"3615",2019-10-10,"Benchmark",-0.0680300187617263
"3616",2019-10-11,"Composite",0.16569103236576
"3617",2019-10-11,"Fund",0.285094592831912
"3618",2019-10-11,"Benchmark",-0.0660662914321452
"3619",2019-10-15,"Composite",0.162528603925534
"3620",2019-10-15,"Fund",0.286546545113364
"3621",2019-10-15,"Benchmark",-0.0648030018761727
"3622",2019-10-16,"Composite",0.163958408073813
"3623",2019-10-16,"Fund",0.286546545113364
"3624",2019-10-16,"Benchmark",-0.06411507191995
"3625",2019-10-17,"Composite",0.161518072838923
"3626",2019-10-17,"Fund",0.287998643790488
"3627",2019-10-17,"Benchmark",-0.0635397123202002
"3628",2019-10-18,"Composite",0.161853161696656
"3629",2019-10-18,"Fund",0.287998643790488
"3630",2019-10-18,"Benchmark",-0.0635397123202002
"3631",2019-10-21,"Composite",0.15692324162793
"3632",2019-10-21,"Fund",0.287998643790488
"3633",2019-10-21,"Benchmark",-0.0634771732332708
"3634",2019-10-22,"Composite",0.159542659199551
"3635",2019-10-22,"Fund",0.287998643790488
"3636",2019-10-22,"Benchmark",-0.063464665415885
"3637",2019-10-23,"Composite",0.1598380151504
"3638",2019-10-23,"Fund",0.289450742467613
"3639",2019-10-23,"Benchmark",-0.0631769856160102
"3640",2019-10-24,"Composite",0.158330922737426
"3641",2019-10-24,"Fund",0.289450742467613
"3642",2019-10-24,"Benchmark",-0.0627267041901188
"3643",2019-10-25,"Composite",0.1539626692881
"3644",2019-10-25,"Fund",0.290902987540411
"3645",2019-10-25,"Benchmark",-0.0620012507817388
"3646",2019-10-28,"Composite",0.148352903168699
"3647",2019-10-28,"Fund",0.290902987540411
"3648",2019-10-28,"Benchmark",-0.0620387742338964
"3649",2019-10-29,"Composite",0.150386680666864
"3650",2019-10-29,"Fund",0.289450742467613
"3651",2019-10-29,"Benchmark",-0.0623014383989993
"3652",2019-10-30,"Composite",0.155689674612829
"3653",2019-10-30,"Fund",0.287998643790488
"3654",2019-10-30,"Benchmark",-0.0636772983114449
"3655",2019-10-31,"Composite",0.168378049317544
"3656",2019-10-31,"Fund",0.290331458834342
"3657",2019-10-31,"Benchmark",-0.0654909318323954
"3658",2019-11-01,"Composite",0.162572415146095
"3659",2019-11-01,"Fund",0.293247514238077
"3660",2019-11-01,"Benchmark",-0.0644027517198249
